id,no answer,very important,quite important,not important,not at all important
0,0.001646829375609842,0.7861157905382823,0.1378217743367319,0.06410969437206904,0.010305911377307022
1,0.004931652399316885,0.06438017299727303,0.8432165180131377,0.08235713402865283,0.005114522561619591
2,0.004354522230703874,0.17640121867840733,0.551046943434659,0.24168356304511235,0.026513752611117502
3,0.018729744557195834,0.08345184305873705,0.7018833695027252,0.17095278128875713,0.024982261592584855
4,0.0023584388845088035,0.2606761980003891,0.6597861396131877,0.068207548100655,0.00897167540125938
5,0.000379472005451221,0.682462691922846,0.26735509805261154,0.04676284941924886,0.003039888599842348
6,0.000535786881857398,0.758124999800283,0.189326267876012,0.029979592267044962,0.022033353174802716
7,0.008698584332549499,0.024104645302326942,0.2960721666752248,0.4582285898892038,0.21289601380069492
8,0.00152802423530577,0.5308288310594724,0.37561023059288673,0.05654767633377136,0.03548523777856375
9,0.0057738785888859605,0.859625638632628,0.11407315006729679,0.016752959034198506,0.003774373676990773
10,0.0035581557547386304,0.4465055226697124,0.39994037003471494,0.11131163896677254,0.038684312574061526
11,0.004009501061559253,0.07709950969532071,0.12692020226351572,0.5141270396514317,0.27784374732817263
12,0.000957463432342016,0.8969149144046528,0.09621646059935818,0.0051990323923046195,0.0007121291713423628
13,0.0012147169027912055,0.38664000099625845,0.588290034603831,0.02081378577703603,0.0030414617200834665
14,0.0013727913159572705,0.14304094041899293,0.5297942171744355,0.31214517644446416,0.013646874646150097
15,0.0013810159504084355,0.561746192843004,0.40622303720157876,0.028138325857586563,0.0025114281474220854
16,0.0006007785246926828,0.8528139741723119,0.12867370502759104,0.016227544278471128,0.0016839979969331255
17,0.006093198934755588,0.006784186446858389,0.08284584227130914,0.7522664226766306,0.15201034967044627
18,0.005575378000632378,0.2632253117397787,0.6764854025128255,0.0461081649883223,0.008605742758440999
19,0.0013131659112419185,0.6748655799920938,0.24778800923949648,0.05001179556904749,0.026021449288120134
20,0.23407468034816656,0.11948123073225979,0.34448968663206514,0.13043973752919127,0.17151466475831717
21,0.0003174478329344349,0.9101347691600835,0.08030241552997343,0.007416841849459497,0.0018285256275489643
22,0.005572593448961913,0.20512858543115628,0.6136943520801094,0.13742552750521744,0.038178941534554915
23,0.0035823289277706815,0.3860795017133712,0.5128310671727355,0.08437399252994042,0.013133109656182272
24,0.003646933157582597,0.2973328818153927,0.6284502547013622,0.06146660256125235,0.009103327764410118
25,0.0012247392394944263,0.21523422452102442,0.7270505227737809,0.0483243800914736,0.008166133374226532
26,0.09306846846892682,0.6782043014070014,0.17364853783246056,0.036417028682833856,0.018661663608777423
27,0.016778323962415184,0.12737718130551134,0.653131565854647,0.1208492963093619,0.0818636325680644
28,0.0019705039174491993,0.33977441647791606,0.5143776220738636,0.13378513932566974,0.010092318205101352
29,0.09789067016201969,0.21375994054947808,0.6229740829398044,0.049676552189466504,0.015698754159231318
30,0.008212738299405258,0.030916020667803776,0.27619854694977836,0.4823801793320562,0.20229251475095655
31,0.001302218352248634,0.6359368897118899,0.34369474208093453,0.014256413471554102,0.004809736383372753
32,0.00017599823604218107,0.9343531872082513,0.06170703970061178,0.0030471288720434857,0.000716645983051128
33,0.002235658545018299,0.29061395697447373,0.627613994583368,0.05931597788585469,0.020220412011285275
34,0.0021048055593283262,0.7370785654202955,0.24799415507484235,0.010768962292438098,0.0020535116530958544
35,0.009450802448232223,0.05778096462176078,0.2973212328470375,0.33766338507082,0.2977836150121495
36,0.001553805170136463,0.467573712850059,0.4791298357216088,0.04877762845496204,0.002965017803233828
37,0.001967055201244942,0.8844804197408453,0.1028707511628248,0.008120391834849654,0.0025613820602350644
38,0.0012821342693588905,0.30942160450275674,0.642101989300752,0.043210397337414636,0.003983874589717627
39,0.00261363838856291,0.45213740854041873,0.4988445063463864,0.04306445101960221,0.0033399957050297448
40,0.0008197186251265211,0.7488493480420315,0.23665565405781194,0.01133870331266745,0.0023365759623626323
41,0.003539020746456356,0.1715682980522454,0.3391759941715292,0.2720070714261233,0.21370961560364576
42,0.0012541520422014168,0.3962512329996391,0.33778999260660286,0.1814071312260726,0.08329749112548403
43,0.0014071959017485903,0.52307759219998,0.4500986697372778,0.02159886912120186,0.003817673039791747
44,0.0008957601353048189,0.6619930224018261,0.3049301422989396,0.02677623314859118,0.0054048420153382645
45,0.0053708543155762175,0.20660928789198427,0.4296906823397505,0.300433916725083,0.05789525872760608
46,0.0010473730181441159,0.5914131932008407,0.38516709456888376,0.019438673375765186,0.002933665836366254
47,0.0011066051780785808,0.5344924192909697,0.4151681499455569,0.03185296082223852,0.017379864763156384
48,0.0009846878647155506,0.7994349376460136,0.1704200800183484,0.023080756668998084,0.006079537801924247
49,0.00913735885902479,0.8285784781803822,0.14600713241624502,0.012812179928519962,0.0034648506158280897
50,0.0007559647380255974,0.8396884020513512,0.13554418529300807,0.01986013523385467,0.004151312683760604
51,0.0013356230659139917,0.7303372770630394,0.19669973168618984,0.0395036351150044,0.03212373306985222
52,0.005972435126679136,0.3260127139073933,0.6112727762850141,0.04878713771017931,0.007954936970734171
53,0.008965117491468416,0.08868845470220547,0.536189540602943,0.3348873467320188,0.031269540471364356
54,0.0011500124228472277,0.2817236781867709,0.5913371822209101,0.08861682282061868,0.037172304348853
55,0.001174762575456974,0.5562979651862764,0.4228341496547003,0.015455174824973392,0.004237947758592931
56,0.0042507969449204755,0.2190438657619849,0.7170991155994849,0.053021881058676786,0.006584340634932948
57,0.004178244973262613,0.3629692615727797,0.5054616590848434,0.1193968511005732,0.007993983268541099
58,0.0025828971643763157,0.29110292434577506,0.4779175084491209,0.19262402361717507,0.03577264642355272
59,0.002213877580851915,0.7021360663377707,0.2679550817586003,0.017512911380985038,0.010182062941792093
60,0.0010978127134514321,0.860022478964423,0.12935341872410586,0.007780989542040265,0.0017453000559794162
61,0.00803147501251378,0.032023257775294925,0.5384306285301386,0.24260281317855392,0.17891182550349885
62,0.0019703005084602317,0.08899455924318592,0.7163306171349282,0.17588703330958533,0.016817489803840333
63,0.0009372591489131153,0.4201125167468008,0.531838279396976,0.04145128145664342,0.005660663250666707
64,0.002007183468729094,0.5890059643727028,0.27871470940269527,0.10372340145873615,0.026548741297136642
65,0.002747776959941678,0.3633282025253811,0.574633379757466,0.05109566400003015,0.008194976757181062
66,0.01220194293995379,0.18651673077398723,0.6193957524084241,0.16175786548825152,0.02012770838938329
67,0.0034634072792449253,0.5960609800505946,0.2941696810403575,0.09241165344492976,0.013894278184873068
68,0.0015715296889620358,0.49940329061668554,0.4451577182019467,0.0439924689430204,0.009874992549385479
69,0.003664994141742638,0.10310456635104365,0.7458473072063059,0.13526135174647946,0.012121780554428195
70,0.0036044589465383395,0.33459640922514844,0.4107559967224633,0.18666739208026406,0.06437574302558588
71,0.0035349728749649602,0.5854948358678106,0.3452675129585685,0.05022475843462609,0.015477919864029886
72,0.002936212213384306,0.8742953863580791,0.10248938709372973,0.010862736465365291,0.009416277869441669
73,0.002155940361947744,0.21181691366411953,0.6365862947634559,0.12435278145789755,0.025088069752579455
74,0.0006698387080032347,0.7689205197048564,0.18172803411213165,0.03914339945322857,0.009538208021780101
75,0.0009458702628762747,0.7520234911396115,0.193859639643026,0.04390944093461664,0.009261558019869658
76,0.0009674441066806511,0.8994520431458761,0.09508966140827313,0.003465110485267847,0.0010257408539021192
77,0.002697628118352608,0.38206057190602544,0.47065235523403487,0.12142941040498641,0.02316003433660083
78,0.01800937799884964,0.5444827886909902,0.3251822387252454,0.0837133752820663,0.02861221930284851
79,0.005661290878121432,0.36761223512300806,0.5891141542728945,0.0330595674164593,0.00455275230951674
80,0.0031939513416211424,0.5019123000219204,0.4439075062588349,0.0411307457031088,0.009855496674514729
81,0.0003917785894486087,0.757876003765322,0.22053332551332028,0.01789017336601241,0.0033087187658966317
82,0.005488486563587966,0.2562628651388443,0.5404729996305901,0.09321862425986978,0.10455702440710792
83,0.2170965700227178,0.39376968375552035,0.3136341347932472,0.03130077935149454,0.04419883207702003
84,0.015189896140963145,0.3151197886124352,0.3726505422108119,0.2444417311822438,0.05259804185354588
85,0.00026885688187857054,0.695295124331547,0.2645146339634828,0.027418338904490785,0.012503045918600752
86,0.0012996450825806193,0.7776372433253261,0.1923805675186214,0.024029886751847487,0.004652657321624378
87,0.0005730549732098044,0.6239510315211337,0.35748872380457064,0.014347846021443617,0.0036393436796421726
88,0.004736413027426251,0.030451323154933783,0.39265596646001527,0.4394016134763999,0.1327546838812248
89,0.013681703947144372,0.14809319453081143,0.3609047379585323,0.4332427177717091,0.04407764579180296
90,0.0009057433659190826,0.6060538962887516,0.3708867778093809,0.01831855843307423,0.003835024102874301
91,0.0009671783659994946,0.2634266560752515,0.5964738310662382,0.1030709144983715,0.03606141999413931
92,0.006866843292096588,0.26831063541237293,0.31571896764354895,0.31250934221441684,0.0965942114375647
93,0.014230175340383814,0.16360477409474758,0.427543349624533,0.3397546369321584,0.054867064008177195
94,0.0012969608167253583,0.5648409493361336,0.35726712274774197,0.048037691854577076,0.028557275244821923
95,0.0009090804433541961,0.661232284698424,0.3226300417252335,0.011576053659706374,0.00365253947328194
96,0.0024631923573866918,0.05911821424264556,0.5676726262129177,0.22252506137069675,0.14822090581635325
97,0.0012919045930189091,0.7425850588736649,0.22164343343003642,0.029516248171285724,0.004963354931993954
98,0.004246455594739272,0.17005758573758883,0.20881206672717273,0.4859930670779078,0.1308908248625914
99,0.001232003723819368,0.574882129945606,0.3890955991750184,0.031006121798814328,0.0037841453567420357
100,0.0012609874274985614,0.7869162506786731,0.2038363706011924,0.006305582193296959,0.001680809099338823
101,0.004319137631853251,0.337316862097477,0.5311370463525981,0.11411749193530424,0.01310946198276736
102,0.035031883556861904,0.3291574280759192,0.25761079091360184,0.1709724733137382,0.20722742413987874
103,0.011129019680502316,0.01781554149583544,0.21825875599208672,0.3024746295128156,0.4503220533187599
104,0.002544323441581636,0.018451866912625587,0.06520662439358568,0.6591247385597491,0.2546724466924581
105,0.00022625135175802775,0.933017348097405,0.06376187762239714,0.002374784905797009,0.0006197380226431536
106,0.00540454595902009,0.24962412516673738,0.6150524461017566,0.11295474177960449,0.01696414099288148
107,0.002861992336010108,0.755911536096711,0.2133326544609833,0.023121879908892567,0.004771937197403072
108,0.0006977712445418045,0.7696473115922293,0.20810461129359256,0.016990793091675296,0.004559512777961007
109,0.0015246938870281744,0.6538878809108034,0.22604813222742937,0.09049249682373982,0.028046796150999226
110,0.0005607567331171021,0.24718648353898662,0.6386139799299582,0.08446309727790383,0.029175682520034236
111,0.0012780247282938465,0.7981008708769214,0.1772478307902614,0.01821298091548366,0.005160292689039486
112,0.003947526685105595,0.282188793090142,0.6553158691128521,0.051110913878951204,0.007436897232949072
113,0.002286427590457969,0.13133350930635068,0.733977843323153,0.1186497406502836,0.013752479129754728
114,0.0016113271543648625,0.4011322270770155,0.42048643443902595,0.15537303174084452,0.021396979588749247
115,0.0009691844940905576,0.6747684319754951,0.2960820022332022,0.02487983926220795,0.003300542035004167
116,0.006039384863865213,0.01895810240901607,0.48160217182831006,0.3249946859139082,0.16840565498490043
117,0.010277407154738464,0.02836786516927154,0.4775774933892475,0.3379962649809962,0.14578096930574633
118,0.0005694313154249269,0.4921001406469832,0.45601052703132294,0.03540024497252165,0.015919656033747363
119,0.004761017845947246,0.0713888239010329,0.25926899088419203,0.4346638723497957,0.229917295019032
120,0.0005819673843462383,0.7949446226657382,0.19396190916199357,0.008706222155578067,0.0018052786323437798
121,0.004442263326739644,0.35276381798560785,0.5849955591238155,0.051669197625186375,0.006129161938650551
122,0.001761560086488576,0.014703758124199736,0.1527689302344668,0.4043592467094446,0.4264065048454003
123,0.008351873526410758,0.021790571967947973,0.4213334446062392,0.3769446942264347,0.1715794156729675
124,0.0035857762331507337,0.13563586532529273,0.5755673728461103,0.16928732386956474,0.11592366172588149
125,0.001243835174597352,0.8346076867079186,0.1361824058403398,0.019064742828156456,0.008901329448987777
126,0.0044636955033070455,0.050145848821501415,0.470345588163813,0.3282882467876982,0.1467566207236804
127,0.001940995871553266,0.6176882544217294,0.3496728551069182,0.02159404758055231,0.009103847019246701
128,0.0011961990794971103,0.7054056067454713,0.20795392233380003,0.04049707504523029,0.04494719679600121
129,0.0021368287869924798,0.14141750969181416,0.7242900093627126,0.12048127874265281,0.011674373415827893
130,0.0005151199721028354,0.0780856787738117,0.6342617834809398,0.2614025590021583,0.025734858770987475
131,0.005604868548270985,0.10294711871097872,0.3626026178217827,0.20434875474444808,0.32449664017451957
132,0.0009539915966124767,0.7511842158221413,0.23574762990974196,0.010330023360041038,0.0017841393114632366
133,0.006595009325330314,0.12165345303448183,0.5745565826709527,0.20054066769245804,0.09665428727677718
134,0.0031926476273498976,0.5569529615785093,0.3768562880014933,0.04002267250963191,0.02297543028301567
135,0.007822642782403933,0.6269590057237578,0.32278858118768095,0.03764122352535837,0.004788546780798679
136,0.020466649041552824,0.32019797462895283,0.28537344491943334,0.2192217267761066,0.15474020463395427
137,0.002445701904599511,0.2537784417524179,0.7022460837188024,0.036620236906815165,0.004909535717365095
138,0.003345534091918173,0.1585702700507076,0.19874636913367105,0.4363026811121866,0.2030351456115167
139,0.004833691509843689,0.23142441349892404,0.43991218774299895,0.2914487639256811,0.03238094332255223
140,0.009228315597552899,0.27807174857807426,0.6255250950564467,0.0575142092766039,0.029660631491322385
141,0.004610353461090749,0.18491157906085928,0.6416045852309471,0.1446754587618772,0.0241980234852255
142,0.0006013031353612931,0.5963322960980619,0.3674418949633555,0.02517706438983639,0.010447441413384868
143,0.021321405750686494,0.15227955213530028,0.6969943702409005,0.09690372356696343,0.03250094830614928
144,0.0018277130642547071,0.7587332869290399,0.22100030384591599,0.013587511438451461,0.00485118472233794
145,0.04362807787975448,0.06892443903932068,0.38051620095088745,0.3544855136737085,0.15244576845632887
146,0.005353692756889506,0.29082277611035967,0.5702474103051932,0.0807550412581481,0.052821079569409374
147,0.014196097521526911,0.12926227178794059,0.704833078222285,0.13093596351285378,0.02077258895539359
148,0.00565741856121059,0.0893468951533161,0.537040112424877,0.3434779455290718,0.024477628331524445
149,0.0026903069704781175,0.5355841659444011,0.3850618921091456,0.06676394501813616,0.00989968995783901
150,0.019817938944836508,0.09384484474262045,0.570434447093999,0.2895080304571276,0.026394738761416486
151,0.003966917863221822,0.04524898479789051,0.29501680505916916,0.36479944965502187,0.2909678426246967
152,0.0003181182478588709,0.8975618952109491,0.08913989802280316,0.009119004500878505,0.00386108401751048
153,0.0005767477673536974,0.6250006727823954,0.347982995281142,0.02319449017085184,0.0032450939982570427
154,0.0006202136895446699,0.869327829686834,0.12333754505929448,0.004914435773442624,0.0017999757908842896
155,0.012264328052789748,0.13778248709828905,0.25088913988146777,0.4787120149318772,0.12035203003557632
156,0.001945115494116786,0.2178163349606365,0.6860701732404737,0.06232325992167386,0.03184511638309913
157,0.00037006482831244367,0.8483349039312892,0.14022701125982182,0.00900269171785758,0.0020653282627189394
158,0.011463057012957382,0.11118481070184447,0.5989077138236757,0.22207526437569064,0.056369154085831805
159,0.007667752188955543,0.028064789999861103,0.16892019209592213,0.5388446170894944,0.25650264862576694
160,0.03400766894029345,0.21912446318635262,0.5027554990490452,0.22570389902099583,0.018408469803312934
161,0.00028849294259557115,0.9561632601841141,0.039882910462831746,0.003192237161128723,0.000473099249329775
162,0.010495145082218627,0.048310072169612514,0.11611286556845975,0.5223601272909077,0.30272178988880133
163,0.0024429172179637366,0.45163234295575616,0.5194313225984726,0.018335775650341092,0.008157641577466426
164,0.01478145883102782,0.2905298825752231,0.44648823215047123,0.23537296675831504,0.012827459684962843
165,0.0007152540253624717,0.23123668296148828,0.7322283648289906,0.03075923040561488,0.005060467778543969
166,0.0014787131939095015,0.7389327662896862,0.16988526403593657,0.043151165057662234,0.04655209142280577
167,0.0006418195969376157,0.819692634779963,0.16285976723156725,0.011501887821875894,0.005303890569656343
168,0.002246043675161762,0.43219203579878257,0.49009194107256654,0.06885526299186537,0.006614716461623693
169,0.0030821374116877464,0.27265645371818903,0.5578020720835472,0.14227371205521044,0.024185624731365655
170,0.0009764797132118464,0.7465083138838472,0.2208288599830762,0.024877388656501773,0.006808957763362879
171,0.0022746931527100837,0.4419520182657036,0.480751004725989,0.06630489388833191,0.008717389967265468
172,0.0012649346003093637,0.06035444918224064,0.8260937988813946,0.10462691155585548,0.007659905780200042
173,0.007309549497526513,0.2635630370498929,0.5999786705969321,0.10777370005819412,0.021375042797454245
174,0.002476313835395396,0.07678743912697207,0.7348087207708833,0.1534531238031305,0.032474402463618685
175,0.003985988141863714,0.2223527097182342,0.5689915325636594,0.18723505714426697,0.0174347124319757
176,0.0020738013470985735,0.015803445377292055,0.29195067150180143,0.550199266764398,0.13997281500940995
177,0.005940808672634697,0.12455842688755021,0.7916523392960979,0.06506301269835962,0.012785412445357549
178,0.0010392247931546295,0.9305010286348686,0.0625500132457811,0.003916291397156176,0.0019934419290393167
179,0.002844402305374366,0.36100341679395026,0.5242008204367875,0.08574962578921516,0.026201734674672746
180,0.002296934238087412,0.29176771622534536,0.6353711024139127,0.05850629997618545,0.01205794714646912
181,0.0021363005017971228,0.1578145941364376,0.6788344127276142,0.14931880999198044,0.011895882642170378
182,0.00030447477744707726,0.9250779924664985,0.07044207619886181,0.00324640232477373,0.0009290542324188799
183,0.0010843812790496997,0.6443545118516945,0.32028403249097304,0.02989195143111181,0.004385122947171095
184,0.002427801310184081,0.04179606646390901,0.3651420510227204,0.5000204112713573,0.0906136699318292
185,0.003432006013209136,0.4897248405435562,0.4475986147371117,0.03274649977459329,0.026498038931529706
186,0.0009482788811833034,0.7898908537477421,0.18724101586448008,0.016392311272481315,0.005527540234113072
187,0.0012503545588535758,0.5196177365083128,0.4482353877077048,0.02548322400331324,0.005413297221815537
188,0.012572578333640038,0.21375717027905655,0.5868142747719971,0.16542956166822098,0.021426414947085266
189,0.00033131440835580396,0.9030710412754678,0.079396704567071,0.012432567963675131,0.004768371785430145
190,0.0021846406550892505,0.07197997705978448,0.4458840801536557,0.40834840282441653,0.07160289930705405
191,0.0012315270215884418,0.8116889949436794,0.1766261291752213,0.007273077324114975,0.0031802715353958645
192,0.004225322038777536,0.22209913714262575,0.2871146993340745,0.2728263370815832,0.2137345044029389
193,0.005560581939803028,0.05597697083089086,0.37163636804855693,0.47195162594051704,0.09487445324023207
194,0.0006019638844157884,0.6948452095063297,0.16157939526443504,0.11895802430806365,0.024015407036755705
195,0.019628771873477457,0.03864539987684219,0.4214949614170989,0.42520954945670336,0.09502131737587813
196,0.004111806487011317,0.4167305644885739,0.5362194353425388,0.03746266334681768,0.0054755303350584065
197,0.000246835323853405,0.9496162271719449,0.04589159834794313,0.00182517641248382,0.0024201627437745203
198,0.00463073702849709,0.04201916525609719,0.1270578994577452,0.5954820101292495,0.23081018812841106
199,0.0005815735667852396,0.542419718906794,0.39896108032274674,0.043374988622808745,0.014662638580865304
200,0.0715809589343926,0.09451083742803275,0.3573823305081283,0.3520944834188446,0.12443138971060178
201,0.00582416225570902,0.014897461548987924,0.11118705463239734,0.2905213236297153,0.5775699979331904
202,0.0017403371506749625,0.6118713006833364,0.33512230870544124,0.04629270159424918,0.0049733518662981625
203,0.0007666742942437028,0.7893502828535749,0.19231167914792535,0.01251878741933473,0.005052576284921569
204,0.0036709048411827723,0.6844447235544099,0.2760596644979018,0.019700511944701182,0.016124195161804442
205,0.0013128505816685032,0.20093825372178342,0.5616159178693899,0.212913718097598,0.02321925972956023
206,0.0009621688548518354,0.714920145211782,0.2109281416602172,0.04263676052099527,0.030552783752153638
207,0.0008315420846276956,0.4091732475076865,0.5726154880352899,0.013699595407005456,0.0036801269653903594
208,0.006158682519375271,0.1708493075984788,0.5308772254616458,0.1993950138903513,0.09271977053014878
209,0.003011146002080952,0.1415514199575256,0.7479055636192397,0.0864980531051268,0.021033817316027062
210,0.0020324020352948443,0.44868291345717043,0.257020233545797,0.2034149703645065,0.08884948059723123
211,0.0005002287581804386,0.15481801908929957,0.45736958493908775,0.2697298142260122,0.1175823529874201
212,0.0013448490626879251,0.016520929170762762,0.09961912714005916,0.6914123707077829,0.19110272391870717
213,0.007247038002930594,0.2776773792403191,0.513791866672256,0.18429993081068463,0.016983785273809726
214,0.001848734300580644,0.12661679052199282,0.5646132645953346,0.28225741579954144,0.024663794782550347
215,0.0035934441637335743,0.24124678033328736,0.6675901010501342,0.08174064876186411,0.005829025690980717
216,0.0005458973981918119,0.02294433703421079,0.1398730822147116,0.5323971928181572,0.30423949053472865
217,0.0010459799993704482,0.8363687629150515,0.15197380888785295,0.008741388222970218,0.0018700599747549522
218,0.0008755458734170107,0.8425956858214322,0.14213568556507256,0.012808726110434277,0.0015843566296438827
219,0.00019068938910843418,0.8190264247204283,0.1585613226531185,0.01876020571356129,0.0034613575237834693
220,0.003234144408975639,0.050345129244265846,0.16039651994482554,0.5013649617773909,0.28465924462454206
221,0.0010985643094534342,0.8208530767460366,0.12557310153505694,0.0479813523142618,0.00449390509519141
222,0.0021507206588020247,0.11192731450359256,0.5287002978166051,0.1973464893657808,0.15987517765521966
223,0.0003389638348732671,0.8820335094908978,0.09496568560972365,0.01943525636893009,0.003226584695575361
224,0.004959890913650541,0.018897170475611347,0.055817702840166385,0.4351640125374024,0.48516122323316946
225,0.0009069656995077647,0.32633357139990066,0.5345951171033274,0.12199272185802076,0.016171623939243332
226,0.005048673707342567,0.3736182360498207,0.47314447998318354,0.10703044739864594,0.04115816286100739
227,0.002514403883200417,0.2922810330480875,0.6204262488144542,0.07503356360619165,0.009744750648066262
228,0.07146076226023418,0.8277490335394303,0.08402660782900234,0.012266789090285803,0.004496807281047348
229,0.0011570135382218576,0.686070300483553,0.25210803300379986,0.056196671053872355,0.00446798192055294
230,0.003023152580343915,0.24922462148152003,0.3576227798734395,0.3062266888453121,0.08390275721938448
231,0.001823883284899549,0.1351588294486603,0.5598954628935301,0.2912925438793791,0.011829280493530887
232,0.00032211898470443776,0.8614337631798147,0.11457710452711163,0.018014873561073407,0.0056521397472959365
233,0.010660767377335763,0.1636700478728829,0.4889583445887235,0.11790709642412374,0.21880374373693395
234,0.0032377170564854793,0.047879081442920655,0.3690929425773516,0.31035424411700785,0.2694360148062345
235,0.00140053318526758,0.06551927768030141,0.3992186282409323,0.46707495480313,0.06678660609036888
236,0.0017343694015880776,0.06612652735819599,0.7869269206937352,0.13670801600317475,0.00850416654330602
237,0.0002310641505869872,0.9175236586161519,0.06936069294003822,0.010754349353846298,0.0021302349393764325
238,0.004590248187325738,0.13279656548789248,0.6940388284965562,0.1423328988200417,0.026241459008183966
239,0.004087569389827573,0.6326595162626312,0.3123996071399111,0.027803461637738117,0.023049845569892063
240,0.004720133522923331,0.08042933982310417,0.6937360330600522,0.20785723866996597,0.01325725492395436
241,0.06295869274735336,0.6414903297324345,0.222956990001821,0.04990422675208652,0.02268976076630466
242,0.0005072311325141688,0.8313879107325671,0.16141270130112872,0.005592416211409509,0.0010997406223805758
243,0.0006857665636795619,0.45348346100064196,0.4657009019886201,0.05680348780356673,0.023326382643491687
244,0.0006542609656765215,0.8408704015786095,0.13342737926201198,0.02082860314608322,0.004219355047618828
245,0.0014697575293706755,0.5943295741048403,0.37831051521414444,0.017150601917694352,0.008739551233950064
246,0.00039033454790826606,0.9348643598361974,0.05623375908632016,0.006793477467945912,0.0017180690616281657
247,0.00840314508309556,0.6477410157504192,0.234065687855911,0.0904377213721706,0.019352429938403505
248,0.005745032904075826,0.6787918558032404,0.24993543630647133,0.04737787618132978,0.018149798804882673
249,0.003694241193304164,0.08681122577214995,0.7994073444980778,0.10325568107655392,0.006831507459914178
250,0.004488300067357026,0.3840127611661767,0.5717406711926265,0.036007578922815725,0.003750688651023986
251,0.0026996713023955733,0.8172114111205209,0.1672871942509332,0.010567491130402264,0.0022342321957482
252,0.0025051872628520503,0.6840601027673809,0.29334215609881353,0.017110807580475226,0.0029817462904782243
253,0.0012299065958792643,0.34776821912213063,0.5411426327552344,0.0968778354794223,0.012981406047333336
254,0.04330682697257023,0.1230637461478797,0.37690824306261794,0.2961682590693085,0.1605529247476236
255,0.0015634920230846634,0.661109995672596,0.25481802266392484,0.049487922681778734,0.03302056695861574
256,0.00018974188330524478,0.9376738250224408,0.046759538337764674,0.01047459683153647,0.004902297924952654
257,0.01241845667977209,0.04516576210276316,0.24993297388058813,0.4002696933872546,0.2922131139496219
258,0.0011230100451474093,0.7831529252674069,0.18760997426081474,0.018483848789768047,0.009630241636863046
259,0.001395502239594576,0.8312575973873998,0.13175048796191427,0.01810414229868838,0.0174922701124031
260,0.0034937997888159476,0.06124319892074138,0.42188713940737677,0.29917044280516575,0.2142054190779002
261,0.0009725226106443155,0.6467746040479292,0.29983044427849,0.046460333185451175,0.005962095877485263
262,0.0019111387140417597,0.6224252523606558,0.2967486010955322,0.03635981723178909,0.04255519059798118
263,0.009290128571466291,0.03767375374424157,0.3254739257124493,0.48057265846619074,0.14698953350565205
264,0.015985408188349867,0.03644185878373835,0.5278241571949065,0.26432840767967386,0.1554201681533315
265,0.0027454272390863583,0.2141439180382378,0.22501644324495493,0.28649953113147847,0.2715946803462424
266,0.0021334955280952863,0.16896377267728557,0.475135629831014,0.24142726774642834,0.11233983421717673
267,0.0012755731737032366,0.48277008854601755,0.48980965281593364,0.02045865032493076,0.005686035139414818
268,0.0011763229465588678,0.6129504173082565,0.34592110991794484,0.0350372012418467,0.004914948585393013
269,0.0010025420071630737,0.591976131739794,0.38131949612383276,0.023235690304790932,0.002466139824419048
270,0.0024042712539246703,0.3515628980779207,0.4841348409791614,0.07763367737647114,0.0842643123125222
271,0.0005816462687456785,0.7141949095044866,0.2608431716886667,0.018109759769208523,0.006270512768892386
272,0.0005909627042900153,0.6499634370696921,0.2824065075299775,0.04449986503304062,0.02253922766299989
273,0.011013650956978621,0.3413196760591092,0.4639955085757204,0.15468131677897223,0.0289898476292194
274,0.004325899916575419,0.012476040413218356,0.13669177032213478,0.4933918917933677,0.3531143975547039
275,0.0007153483450550555,0.7175691012968318,0.23660329120997653,0.02880587646014264,0.01630638268799386
276,0.0016619231620997952,0.7928099376390845,0.19994520878695257,0.004490622171371036,0.0010923082404922075
277,0.0016002184015529199,0.8072266565879638,0.17940298164555232,0.009919745125230875,0.0018503982396998943
278,0.0005621931837807826,0.6954227403295132,0.27452987871802215,0.02473358701573284,0.00475160075295099
279,0.007725276240300502,0.32222692316269924,0.6087765270790697,0.04955293388837052,0.011718339629559905
280,0.001646239129462946,0.8741768599302534,0.07943835901649615,0.03642670895019616,0.00831183297359114
281,0.004704275299903321,0.2748698538170843,0.681066517598763,0.034282157724664405,0.005077195559584904
282,0.003848971482132706,0.08956304886515237,0.4953092538210686,0.23932429271507277,0.17195443311657369
283,0.01374589278750877,0.526063134151702,0.33969401396858745,0.09204272978255056,0.028454229309651226
284,0.00045815012133507805,0.6050514902422475,0.3724027549532914,0.019023833617509464,0.0030637710656165732
285,0.006325952285576321,0.17091078680521965,0.6741495575321651,0.1226210597546346,0.02599264362240438
286,0.0003726833586983014,0.8961523184367103,0.09678826255830844,0.005736315435339331,0.0009504202109435225
287,0.07016691620679429,0.37040246655855896,0.5047388595102541,0.04084913811227391,0.013842619612118866
288,0.0015656343550271633,0.027795649735921336,0.2486897029788737,0.41353102458107516,0.3084179883491026
289,0.0029772760149172064,0.24557938404315388,0.668218868648104,0.07448165398040742,0.008742817313417533
290,0.012047469913429464,0.18711541460571293,0.34591158315415105,0.41179148191797754,0.043134050408729065
291,0.008711168355564687,0.04278350572883566,0.5579544730803822,0.2918885531750947,0.0986622996601229
292,0.014335346029967347,0.03777632561036471,0.2242204715711192,0.3005051659008456,0.4231626908877032
293,0.002263246304949846,0.8542785490646422,0.10982716825899205,0.029160667901086287,0.004470368470329769
294,0.005022375909805204,0.1844518672903445,0.5709448560401849,0.19001793436589334,0.0495629663937722
295,0.055025882091019905,0.04539815748541578,0.1115501118402077,0.1496643600251155,0.6383614885582412
296,0.004397451012477808,0.2817082963228679,0.4913878072636367,0.15956401384828425,0.06294243155273332
297,0.00910335319691623,0.7820781415595159,0.18360876422206124,0.019963987222695496,0.005245753798811162
298,0.03050809597331934,0.20081406296513452,0.46464152513209794,0.26202357439645674,0.04201274153299144
299,0.001108349112411332,0.3560371247162511,0.5952055508797996,0.03754511288089972,0.01010386241063829
300,0.004734683600746605,0.22275476500321745,0.6129364139286397,0.1331203082625168,0.026453829204879344
301,0.022867897106814826,0.14733736331580538,0.5511683617082914,0.25716124100506305,0.021465136864025392
302,0.054510875919925324,0.061979940799737315,0.0434174904079288,0.26460090522489527,0.5754907876475133
303,0.0013039344835134637,0.08203144058375242,0.4009104725916668,0.4989982609275649,0.016755891413502314
304,0.003756275776578454,0.05122071307317685,0.5967502459409402,0.24167590966188926,0.10659685554741515
305,0.0009148723422166644,0.46621965587048364,0.48506770048571723,0.043208471425917216,0.004589299875665286
306,0.00046238720806801467,0.681138235480288,0.2630845954354421,0.030409037078248748,0.024905744797953277
307,7.908671879504663e-05,0.9566371641294168,0.03898596791447326,0.003078924130946067,0.001218857106368719
308,0.00023587277569811136,0.8855459128709421,0.10786096168292035,0.005352557415133225,0.0010046952553061535
309,0.0016992706116563318,0.35205233876387276,0.6022399671508836,0.03893474840152181,0.005073675072065425
310,0.0053478634373258895,0.06548178147705522,0.548972753900584,0.34252540249295627,0.037672198692078655
311,0.00044989905845074877,0.7455927193239954,0.23989798862778325,0.010326730833166474,0.003732662156604139
312,0.014201828194768737,0.5621951058086256,0.3684300006143188,0.043547127443723424,0.011625937938563362
313,0.047834278238495474,0.48578147680994976,0.38564179980498714,0.0698110311100833,0.010931414036484215
314,0.004358177840875471,0.41146420608944045,0.4927098671391836,0.07909751839554081,0.01237023053495977
315,0.0020090333264694595,0.5006848795863117,0.273541965788116,0.1511799722868399,0.07258414901226291
316,0.0014111955494306985,0.8785676971868833,0.11299781056494589,0.0059867833543556185,0.0010365133443842123
317,0.004545644469881418,0.09542117531701917,0.7149356962206209,0.15758768574299628,0.027509798249482267
318,0.001462992800945365,0.5870224030702961,0.3946943356816455,0.014974895366564043,0.0018453730805489497
319,0.004901101283821048,0.23116478997374212,0.5684350295169696,0.14915690689766994,0.04634217232779719
320,0.0018674942804447752,0.33043857322438364,0.6187905732690824,0.04274618118815699,0.00615717803793214
321,0.00377945281171248,0.19286951872736344,0.6498557761404,0.1349393474482855,0.018555904872238554
322,0.005442994323694933,0.13144343752761137,0.8033338328662887,0.05455362304604591,0.005226112236359165
323,0.0006505857615109663,0.6212014005914033,0.3260580329028758,0.034973044757620045,0.01711693598658999
324,0.025112206071475816,0.13159538475735943,0.5053337006611849,0.27387041462318396,0.06408829388679595
325,0.0005368210300652391,0.6386990227639346,0.31110846876245957,0.03375346327433042,0.0159022241692101
326,0.0020832579346555472,0.7713619527397864,0.16525760874518905,0.01625535939576561,0.04504182118460353
327,0.001657663215416765,0.7187266524545215,0.22302062997454022,0.054242714849370544,0.002352339506150848
328,0.003605912019407052,0.3317212115501776,0.6073041148874534,0.04373565715051188,0.013633104392450107
329,0.006474335562891411,0.23719518635900763,0.688712595473649,0.060919416774992,0.006698465829459789
330,0.002815745387019096,0.8462721993954851,0.1315611820609913,0.01755477693555648,0.0017960962209478452
331,0.005747763173171079,0.2886790228926055,0.5012560857047182,0.1599187558488509,0.04439837238065434
332,0.0012065987760267612,0.3622349187629196,0.582011563921589,0.05014227482464582,0.0044046437148188445
333,0.0010929978543473223,0.6647165384100373,0.2891197239619703,0.04044953372955956,0.004621206044085435
334,0.003761459296697655,0.012211090389818737,0.06356706847819894,0.5398683045380283,0.38059207729725636
335,0.0017094049118144305,0.6090028735795839,0.36884950826533325,0.01540748160215136,0.005030731641116945
336,0.0017957310237605906,0.539662051719846,0.4357416468475529,0.01588135048654422,0.006919219922296197
337,0.0025167920507860896,0.4900744504573008,0.4830042826754855,0.021563813369284947,0.0028406614471426644
338,0.008738514407975795,0.18217179282008597,0.70933192977612,0.0933475409869367,0.0064102220088814894
339,0.00128422735174562,0.9113729581445986,0.07633427390729271,0.007739697554121169,0.0032688430422420384
340,0.0036630951044845663,0.3536863057141247,0.5453406458235236,0.08293763975365528,0.014372313604211913
341,0.00369560800530713,0.3164808967986659,0.6377304439873118,0.03742827070390076,0.004664780504814419
342,0.0011171975156957054,0.8825330059811378,0.1083920694573972,0.005800829542320719,0.0021568975034485273
343,0.003111547250854308,0.5401986676200158,0.3424593209384427,0.10116866921348068,0.013061794977206536
344,0.002465042938748602,0.6464675348824066,0.27746116773871676,0.06042509995172711,0.013181154488400862
345,0.006392897878436892,0.11996490829376215,0.715699271868001,0.14200335069768222,0.015939571262117827
346,0.006460694086717152,0.41845679235036704,0.3499107501014585,0.19187617627326434,0.03329558718819299
347,0.00631472964868947,0.005130658588292378,0.021377291934903477,0.24087566044887418,0.7263016593792405
348,0.0005016968098809086,0.8217146139907148,0.1539520677089372,0.013669313452521818,0.010162308037945255
349,0.0013739509071173013,0.19165208824250038,0.6874260679250117,0.11390959478211847,0.005638298143252164
350,0.010677346759970261,0.5759303563608881,0.27268933772686826,0.11904489861817881,0.021658060534094553
351,0.002881876448096746,0.09643190494752432,0.5918642527503865,0.24521869103978536,0.06360327481420706
352,0.0008188863690157458,0.749851485334714,0.22755505318284291,0.018640594816641213,0.00313398029678625
353,0.001030447121005409,0.6021805487576627,0.372066338117724,0.019646589083658825,0.005076076919948942
354,0.004076132937268501,0.011161240760169906,0.05099771114022054,0.25496983888834857,0.6787950762739925
355,0.0017399733452215507,0.35513693994707285,0.5350760142805425,0.09948508799013668,0.008561984437026384
356,0.012449543406267036,0.02421692160633882,0.5044150404408915,0.32618843343756326,0.13273006110893948
357,0.0026114234121804355,0.8352032741597761,0.13458339587703985,0.02047387919475993,0.0071280273562438715
358,0.0006247209342713981,0.8494162289513509,0.13320248046368166,0.014248434014216884,0.002508135636479129
359,0.0004554369716987508,0.8902849600827729,0.09603359835263876,0.011244192243026979,0.0019818123498624132
360,0.0010123814209672384,0.8838390102567525,0.1075716503533516,0.006541099013460625,0.0010358589554682607
361,0.0021598376639175194,0.8198744163937629,0.1597468869827491,0.016564328829061645,0.0016545301305088776
362,0.029759976931648686,0.5790595133094792,0.32421143852239936,0.0566944112558316,0.010274659980641077
363,0.0005968487382470643,0.8971995637032979,0.09578308457638039,0.004658323872723381,0.0017621791093512349
364,0.003613110957830377,0.16621440878824123,0.579985277972094,0.20061825479908998,0.04956894748274459
365,0.0012179149644669148,0.8020314351125618,0.19117776540716092,0.003991797027265133,0.0015810874885455375
366,0.01018328582917228,0.4505553315263024,0.4978453750737297,0.03377816168841274,0.007637845882382776
367,0.0020563501472529193,0.027598618628056234,0.08891759306902244,0.202997260521214,0.6784301776344543
368,0.003075276949005845,0.5601302919680878,0.40779114604376493,0.02368693165884106,0.0053163533803001544
369,0.0005742789525035581,0.885136535417786,0.10858463131767544,0.00471809076089846,0.0009864635511362952
370,0.002036820063206336,0.5152508966959889,0.40035842234743585,0.055608835306165505,0.026745025587203323
371,0.0030519196522350057,0.27524472523745686,0.5896457107732147,0.115105507378904,0.016952136958189333
372,0.0017151247980560253,0.7778957769330761,0.16433213152130516,0.044236780285049244,0.01182018646251358
373,0.0009028003327340682,0.8963900962029638,0.09137707565970662,0.009272993160199467,0.0020570346443961616
374,0.004434381942081295,0.5980438562179816,0.2757453141460351,0.07305015624998963,0.04872629144391252
375,0.00902095822071696,0.4147621502509327,0.25778982535490363,0.17665845805327682,0.14176860812017
376,0.005174858058130311,0.18035132915985164,0.5844589085601501,0.19936765221915861,0.030647252002709333
377,0.003546698272699675,0.4915800887469176,0.4868733133107697,0.01474812390300396,0.0032517757666091257
378,0.005512838391714295,0.1800094821279946,0.6503520403314623,0.13183490950715504,0.03229072964167377
379,0.0036064313561657733,0.12433448913120612,0.7396023318299192,0.1143658250082045,0.018090922674504472
380,0.003279742234477501,0.03164110139344999,0.5364328232564832,0.2892038599351634,0.13944247318042574
381,0.003884294483800251,0.14655921250966,0.8022578067656079,0.03999727753501102,0.007301408705920881
