id,no answer,very important,quite important,not important,not at all important
0,0.0008986210899270026,0.8178769084906444,0.10914939904495871,0.06295933973932924,0.00911573163514058
1,0.0059946926581710925,0.07972044142473997,0.8562138915935336,0.05486907067150717,0.0032019036520480335
2,0.008697605149128474,0.16383647271242,0.5549677493344625,0.2560835173901977,0.016414655413791245
3,0.042313538881702396,0.05545040539113765,0.7363933683372615,0.14791454311438915,0.0179281442755093
4,0.006202806042631613,0.19747943890471306,0.7486633643534972,0.040795257309551344,0.006859133389606712
5,0.0010359803865628934,0.7014063025419285,0.2676820751471465,0.025662382955182278,0.004213258969179955
6,0.0011789045136733696,0.816267722001567,0.1473983256039093,0.018813468676623972,0.016341579204226436
7,0.004052322023972675,0.019817024533372002,0.3572469339110997,0.4229899397390816,0.19589377979247405
8,0.0026390412154707107,0.6142052813241972,0.3206547725919053,0.04361700455301835,0.01888390031540847
9,0.0060184391146824836,0.8575725412319378,0.10915759435361101,0.022282740520673843,0.004968684779094866
10,0.012266881419973459,0.4530040925618314,0.4213371731329853,0.07323519246436937,0.04015666042084054
11,0.02581097742345935,0.044512266466647465,0.17859946054123513,0.4856963648737398,0.26538093069491836
12,0.0007189646877157391,0.9103872386599243,0.08276102380683979,0.005082909884994496,0.001049862960525505
13,0.0011173522537523154,0.42925199640911793,0.5476292087916002,0.017791546359112658,0.004209896186416957
14,0.003036501137083378,0.1771573173178264,0.6303456591866409,0.1736497745201319,0.015810747838317433
15,0.003147293826637245,0.5583642873010765,0.4186867054589184,0.017401493843231107,0.0024002195701368053
16,0.002853773648731378,0.8579577945381208,0.12213300976463728,0.014688834577685835,0.0023665874708244943
17,0.008079336378815003,0.0021889668525678363,0.06244578576557507,0.8175388052401481,0.109747105762894
18,0.007873189390140894,0.1785069984181366,0.7688464908230066,0.038830210282175405,0.005943111086540544
19,0.0017784592548983405,0.5986548026778856,0.33214258889044934,0.031466239784256854,0.03595790939250983
20,0.045046447410361484,0.12799415751233442,0.3707971483868076,0.24402323647147023,0.2121390102190263
21,0.0005565549284730077,0.9484841445259448,0.04693212697273764,0.0031136613789123787,0.0009135121939324067
22,0.014273521268234684,0.23110658589219094,0.5325218940903743,0.20667238581055408,0.015425612938645984
23,0.0025697919735708477,0.2880654267033615,0.6246524522537799,0.07439483740881651,0.010317491660471185
24,0.006289711973614925,0.4673551253331759,0.4684939442369141,0.04913613223660834,0.008725086219686842
25,0.0016672719989683912,0.3124002794330052,0.6396755573853113,0.039911846553000854,0.006345044629714207
26,0.11492586742093777,0.5661417351285822,0.25964288066596936,0.04210795487046184,0.01718156191404855
27,0.008383669407124013,0.0819276352426743,0.7398141719721033,0.12351635199305687,0.04635817138504153
28,0.002290123999263766,0.3801218155682662,0.5124411621076065,0.09470350462327105,0.010443393701592477
29,0.14092200577942035,0.1302013695113615,0.6742930531877251,0.04798352379542008,0.006600047726072963
30,0.018347328787406986,0.03439016098707853,0.32542640769923,0.42381966673016197,0.19801643579612255
31,0.002433531663473679,0.5747426740031633,0.39732812963515457,0.02132245687085159,0.004173207827356878
32,0.0006591430607304707,0.946688215519097,0.04874201171047281,0.002945797163330356,0.0009648325463695066
33,0.004681359615708726,0.30390719057433646,0.6172871706478534,0.05927025937433167,0.014854019787769748
34,0.004057080753131673,0.6779636059538873,0.2986701866717558,0.016114677530706122,0.0031944490905192087
35,0.0068441703922065,0.061165016606446763,0.33298187301821053,0.33349516140997487,0.26551377857316133
36,0.0021714671430489254,0.5248048261128924,0.43754019878547973,0.031802925017034175,0.003680582941544759
37,0.0010697497085821342,0.8847376929542012,0.09887116455714938,0.010959270607015703,0.004362122173051721
38,0.0007699831618915486,0.2306460005669291,0.7354965507194835,0.03146743198893212,0.0016200335627635323
39,0.0013357621644811916,0.45578119411307,0.5030694041993098,0.03600855710661253,0.0038050824165264028
40,0.0007605956856228631,0.6594400053397671,0.3302971628704877,0.0075868492561145485,0.0019153868480077537
41,0.007228943736482017,0.10900011831071821,0.4486547296098784,0.2333949247181208,0.20172128362480052
42,0.002420830320614857,0.3178375212400575,0.46140829443915493,0.13550548937706605,0.08282786462310658
43,0.0017569018669841088,0.5610386099351466,0.4118454425800212,0.022163374375830734,0.0031956712420171496
44,0.0018434455316858694,0.5109701755146505,0.4445454486537629,0.03296255389891813,0.009678376400982614
45,0.019994940128253348,0.26769799964099555,0.3889377816177933,0.28387799322036,0.039491285392597754
46,0.0008938236199855179,0.4823159037390702,0.495049562875129,0.018647889272737233,0.0030928204930779943
47,0.0013915742562591404,0.5215336620507486,0.4452704270559145,0.02353295556665596,0.008271381070421769
48,0.0030653864671278297,0.7666278933872454,0.19796302111569264,0.027360585843445893,0.004983113186488292
49,0.009248941942002282,0.8514530184673419,0.12222435343271351,0.013456484469295999,0.0036172016886462962
50,0.00042260360289248715,0.8651497004710922,0.11689755174147116,0.01344813772701994,0.004082006457524008
51,0.0007452460410854842,0.6675670429229971,0.2687365617184102,0.03916788439318159,0.023783264924325743
52,0.0014568318757441818,0.29042395870161575,0.6742829047917505,0.02719038430473405,0.006645920326155584
53,0.011680267945793637,0.08760202326092072,0.5110914149210197,0.3460880870332017,0.04353820683906411
54,0.002464958584623857,0.21403249343509262,0.6473368299576425,0.11552932451320458,0.02063639350943654
55,0.0010880238177364391,0.523026189789289,0.45525282476928675,0.016382287408739832,0.004250674214947976
56,0.005525935269377237,0.13962139602069676,0.8179072106789788,0.03270750958922404,0.004237948441723312
57,0.0025232140278036606,0.4125261980137603,0.4858404214154898,0.09368147932609756,0.005428687216848766
58,0.0031140654570115237,0.23384410325841384,0.5218058404122936,0.2221799770155584,0.019056013856722554
59,0.0034215186459310787,0.5788965167418687,0.38744150359390206,0.018959675163616796,0.011280785854681405
60,0.0005712690469314125,0.8474146798126203,0.14456803385597772,0.006215680263595843,0.00123033702087487
61,0.005701185836678012,0.03417821480335702,0.5767903765580641,0.29754679426474573,0.08578342853715522
62,0.0019320447374831216,0.07453925754458342,0.7369648833569292,0.1668126709688751,0.01975114339212928
63,0.001666838903114769,0.44643445124699555,0.511316434661009,0.03637251580563973,0.004209759383240983
64,0.006003015793637519,0.6065229719361834,0.3281851862242158,0.04371302571465166,0.01557580033131154
65,0.011577861325961631,0.32220146052439447,0.6142283766482796,0.04640610000410948,0.0055862014972549775
66,0.010980766185216496,0.13829381716876396,0.6257447871336883,0.20995898708720814,0.01502164242512305
67,0.0026627649767119355,0.5883844824853675,0.2762915083857377,0.1210475759903043,0.0116136681618788
68,0.0039322823359124025,0.4715702760487383,0.4860078154201664,0.034079676478961506,0.004409949716221309
69,0.0058953309354800205,0.10889951230168904,0.7518000160646282,0.1205636443214131,0.012841496376789585
70,0.007105315733274705,0.354894689765253,0.3515070121938059,0.23070835233691056,0.055784629970755645
71,0.0033815072425739954,0.6397112650456489,0.29182056150494456,0.05270589399307364,0.012380772213758945
72,0.0024376464595856325,0.8858055033153464,0.10160103872206379,0.007580892818594158,0.0025749186844101165
73,0.0050579024802802205,0.1767763096141302,0.7009620811295859,0.09684735883090449,0.020356347945099027
74,0.0017817950354027424,0.7216187734810932,0.22894624657234264,0.033821813821980976,0.013831371089180566
75,0.002406632270441639,0.7926989130266935,0.15380870164528032,0.03853646460500592,0.012549288452578604
76,0.00028511260047203664,0.9575515576633117,0.03935472166005158,0.0021452107176912556,0.0006633973584733012
77,0.0027375433994359256,0.2788489833423047,0.5697860762594389,0.130299566599868,0.018327830398952576
78,0.0221869868710093,0.4833191284909531,0.37055152472834335,0.08465301250821891,0.03928934740147518
79,0.002754768750673761,0.4597393986825985,0.5086450299901414,0.025491591451082422,0.0033692111255039267
80,0.003435601018123032,0.551333063259203,0.37920200401181786,0.05332613277067058,0.012703198940185763
81,0.0011807033125756051,0.766397015647864,0.21755264666042956,0.010122386503867537,0.004747247875263382
82,0.003990219025301156,0.36812445919548126,0.4831834017541184,0.06939356823229197,0.07530835179280718
83,0.2175174571656148,0.2700670609312026,0.41163810264655504,0.07001072236654238,0.03076665689008506
84,0.017489534308935156,0.2524828373318777,0.3317879704972637,0.30444900165510724,0.09379065620681616
85,0.0006703375530325827,0.6641893746890634,0.29719368770645255,0.02305844709912976,0.014888152952321551
86,0.0009174494621689361,0.858823843795369,0.12281145373874594,0.014899149766074489,0.002548103237641788
87,0.0012017610380049412,0.5899499892240807,0.3922574752091789,0.01317834361031283,0.0034124309184226506
88,0.006287644029317984,0.028370589631971303,0.382226197267779,0.4790058405167877,0.10410972855414398
89,0.005745877912417615,0.1691044670992191,0.31147096853593836,0.46360552077733735,0.050073165675087565
90,0.0018116598880043504,0.5248040719137327,0.4438242431381116,0.02199091540657285,0.007569109653578568
91,0.001995152935712289,0.17079712958050192,0.7114468919695288,0.0784060102647083,0.03735481524954863
92,0.005400138089573838,0.21297555755517283,0.34867802707684215,0.3949088646097458,0.038037412668665546
93,0.01888294418906129,0.1162551444346615,0.5326731523118982,0.250665704757183,0.08152305430719599
94,0.0019270585158927083,0.6758258623643415,0.2703289216299595,0.03447175100743284,0.017446406482373517
95,0.0011497169579519208,0.5837651069250598,0.39974643173181246,0.012417711808578933,0.0029210325765967804
96,0.0028622573883288296,0.06556047679771523,0.5341565372767881,0.2321756169538389,0.16524511158332889
97,0.002282705963581987,0.678460660723574,0.2810716276967079,0.03244120160685719,0.005743804009278903
98,0.007587128724558308,0.08696380262027326,0.2630194054662013,0.5170027404190218,0.12542692276994535
99,0.0009351372871257656,0.6145698110400696,0.36000490419206,0.021291041523266312,0.0031991059574784093
100,0.001131065323092177,0.7630002721494219,0.22739188635588092,0.006628484092557325,0.0018482920790474989
101,0.008274948459470624,0.29399104455696334,0.5527550784741645,0.12582021804660698,0.01915871046279461
102,0.01419146093456712,0.22806597386763983,0.3111582046859184,0.1730747079681894,0.27350965254368537
103,0.006957001014851792,0.016962254622140644,0.1499542547139126,0.3254581432966437,0.5006683463524512
104,0.009199690425564223,0.01786180201004114,0.06974528131432572,0.5827519760177929,0.32044125023227604
105,0.00017951816104782258,0.9395615872505733,0.05680541212215778,0.0027935434834941318,0.0006599389827269961
106,0.007010302276488976,0.1900185596416121,0.5979638444656104,0.1874962108328288,0.0175110827834599
107,0.002900863831673163,0.7405180990653093,0.23760646032739832,0.012962957472977283,0.006011619302641981
108,0.001242748980088464,0.7902204494504531,0.19146886766654223,0.015328355828030434,0.0017395780748857021
109,0.004741367939913869,0.6241283729542498,0.2702539886371851,0.06918450670410542,0.0316917637645459
110,0.000663450575453729,0.27323638277570556,0.6596228543110962,0.05294032980985311,0.013536982527891437
111,0.00207977090189771,0.8158958669660227,0.1651832842498285,0.011581375458752301,0.00525970242349879
112,0.0018879606564002245,0.27317994693586645,0.6870866094892645,0.03220746533645436,0.005638017582014535
113,0.002428781761862657,0.06694845766949344,0.8311197717820682,0.09348131683151904,0.00602167195505671
114,0.0028106157283699037,0.31912645180495214,0.560929794096249,0.1079719225702021,0.009161215800226776
115,0.0028717663702371864,0.7143653845822292,0.2606197183955715,0.018683677435858602,0.003459453216103509
116,0.020256735490884217,0.01687238691629559,0.5080767578600685,0.35671723241998216,0.09807688731276946
117,0.010586301625513326,0.04030672127837712,0.5659936265786252,0.29903247506405445,0.08408087545342992
118,0.0013494756808423885,0.6180136946759347,0.3336872646798744,0.040244862205611354,0.006704702757737367
119,0.004812898548917653,0.04125758825337064,0.3236452796841994,0.3784355448441985,0.25184868866931387
120,0.0015588506328124171,0.7579270197493966,0.2309644906802485,0.006922602865289989,0.0026270360722526393
121,0.009069842642570278,0.4538579620650534,0.4956348491306932,0.03544063144697087,0.005996714714712306
122,0.006174024769203629,0.02055515753293338,0.19342777906237857,0.3631718435925183,0.41667119504296607
123,0.017959678621624033,0.025288256970236855,0.40075896504692987,0.393508236970346,0.1624848623908632
124,0.004276556326697474,0.11016784868242951,0.6680305601687272,0.1605249256677592,0.057000109154386795
125,0.0017690426967040317,0.71003662450407,0.25980432750502824,0.017857491099710823,0.010532514194486713
126,0.016388166370582838,0.052326015727503235,0.5303923223774601,0.3375101091456086,0.06338338637884519
127,0.0025216354505282774,0.5529685104415586,0.42375097410220114,0.014750289347967158,0.0060085906577447955
128,0.002156327383472238,0.7030264236524085,0.22575182403603639,0.03880075829122934,0.030264666636853454
129,0.0024511487126574034,0.07799794460908924,0.8131248678712631,0.09867122448482735,0.0077548143221630094
130,0.0017737497713556298,0.04691055712495954,0.7157053014626056,0.21046588426381643,0.02514450737726282
131,0.016476028371796264,0.13043221967554725,0.30304347354652994,0.17437588108730545,0.375672397318821
132,0.0012656076418655,0.6856592681274745,0.30072412658372116,0.010610578541725717,0.0017404191052130937
133,0.006203245673921437,0.17337691525903642,0.5509359368454662,0.21840837274148048,0.05107552948009562
134,0.005716228939833171,0.3622728454914457,0.5321449616729234,0.06812481851514658,0.03174114538065117
135,0.005587277254362247,0.6197045958330127,0.33935851550757007,0.031043624635435228,0.004305986769619796
136,0.04407404626302506,0.21944854189692928,0.3926231679417167,0.18934134662283245,0.15451289727549636
137,0.0057973645208069914,0.31406542899059353,0.6361552462427957,0.03839527923568325,0.005586681010120401
138,0.009201501295177045,0.17836559212290568,0.18158494611355408,0.41663138908118547,0.21421657138717773
139,0.006677595243834448,0.21622205200789837,0.4919579730393952,0.23682543067675138,0.048316949032120575
140,0.024700154894464657,0.3168981499803438,0.5962867537457658,0.04215444567425992,0.01996049570516575
141,0.005402121297749639,0.13189111967287778,0.6778056821135873,0.17016556972852498,0.014735507187260343
142,0.001525436875770336,0.7091723773532798,0.2731651058645444,0.011995131969205519,0.004141947937200028
143,0.010906880351746723,0.29904143491132357,0.5804795915844603,0.08378444368301553,0.025787649469453822
144,0.0036229051231940618,0.7498498793707509,0.2119390504665655,0.025405636417606216,0.009182528621883358
145,0.06616011972927593,0.11351966582909809,0.3321404738086082,0.3509724452282367,0.13720729540478105
146,0.010360307341898725,0.34616114117992985,0.4987632273072779,0.09596817270367515,0.04874715146721822
147,0.03614797815125342,0.15208513027050852,0.6531144156785259,0.1424281275342007,0.01622434836551139
148,0.012338267777348155,0.07371521007297491,0.615101150232637,0.282192371479646,0.016653000437394056
149,0.004393367521432043,0.4830544719893394,0.43422581857859555,0.06398945480561978,0.014336887105013475
150,0.07265137988265148,0.12501457439543529,0.5004864419713831,0.26563397257951094,0.03621363117101912
151,0.005534885613849349,0.027116224941496975,0.3024609436276672,0.3105129837017365,0.35437496211524994
152,0.0006735323905558764,0.9034008614214377,0.08546064042043494,0.0066645717558083736,0.003800394011762972
153,0.0012614507257955898,0.6130631811425916,0.36083086646857615,0.022699672992202338,0.0021448286708343396
154,0.0009080998295853146,0.8557988901870894,0.1376417397441755,0.003946529635408136,0.0017047406037414253
155,0.015022858444643026,0.056310758128635424,0.29252435124095877,0.4862328339884537,0.14990919819730916
156,0.0031104681653478738,0.24839452409035492,0.6671213455857956,0.056630071602673936,0.024743590555827692
157,0.0005196643918397095,0.8567115733338942,0.13618615551999397,0.005546316521026874,0.0010362902332451559
158,0.01054130125913774,0.0988815661147749,0.6631067902568387,0.1897965349797539,0.03767380738949478
159,0.018741050059402777,0.025329249315606598,0.24108185860398704,0.5187776005523677,0.19607024146863594
160,0.031910542156758356,0.22282536034671596,0.5416543250057848,0.18441223772109594,0.019197534769644913
161,0.0004745426170931224,0.966840583300438,0.029698230674588908,0.002324398023301161,0.0006622453845785862
162,0.021723836542922568,0.03372890830355987,0.200546583267859,0.4172253531847334,0.32677531870092513
163,0.0029104473769920192,0.43150289473271164,0.5342169182676897,0.024478059658362968,0.0068916799642437096
164,0.019683859123293197,0.2596224091696761,0.5250347649068192,0.17897075697858328,0.016688209821628205
165,0.0008107592881574175,0.35224077135140797,0.6197914089700872,0.023756761745781858,0.0034002986445655584
166,0.0040619922999524044,0.7001376270749741,0.21925268922167993,0.043487123792278475,0.03306056761111507
167,0.0008733454115106538,0.832969021699762,0.1560168376278876,0.00649139262360813,0.0036494026372316745
168,0.0040215055071454045,0.4171381785570727,0.5257755012433893,0.045503777988470474,0.00756103670392204
169,0.0065738979354982305,0.4960491503327138,0.33416096257218214,0.1441829845096154,0.019033004649990415
170,0.002444837864337378,0.674971699415131,0.2808003765365823,0.03507005129726073,0.006713034886688514
171,0.0011218360785197952,0.4753383882328987,0.45158343593908856,0.06417383852774473,0.00778250122174808
172,0.000974561103801809,0.044001992612380816,0.8483853304119389,0.10162569156478406,0.005012424307094406
173,0.0055970882732343475,0.2186954237060992,0.6904796316433486,0.06656319014951058,0.018664666227807405
174,0.009430897003028581,0.0553397283581186,0.8451562955768017,0.07373045157540198,0.016342627486649126
175,0.015605275271166156,0.23535275195748634,0.6207948011737549,0.1157498284644855,0.01249734313310725
176,0.0049400328155360705,0.015877656316479787,0.39140527323247,0.48240830707507676,0.10536873056043733
177,0.022225977567125254,0.12973658894868087,0.7759172030505419,0.057684572012654554,0.014435658420997486
178,0.0013908785953520646,0.933997201286241,0.05776234335724327,0.00502936907321493,0.001820207687948525
179,0.005262778529276684,0.3579639615497457,0.533219089354422,0.08513103697162518,0.018423133594930512
180,0.003234889383543517,0.36186430707483735,0.5807473375078609,0.047137338435714674,0.007016127598043431
181,0.003232712304779999,0.13932861157527124,0.7248483315888525,0.12567844934267286,0.006911895188423395
182,0.0012175106180206544,0.9037602083106526,0.08768495932769961,0.005772683309275098,0.001564638434352163
183,0.00153682377426494,0.6249956743984924,0.35103062233716775,0.01896597284902129,0.0034709066410537723
184,0.003500113488129404,0.03858053039453762,0.44807614976440807,0.45482203888798006,0.055021167464944856
185,0.0040042851996454085,0.4066614599435661,0.5329715189506053,0.027899196437348478,0.028463539468834825
186,0.0004053015255060282,0.8698311572686018,0.11441869440253938,0.012036268395073326,0.0033085784082794627
187,0.0023733088708256227,0.4226244290980833,0.54942318460103,0.02071614967862361,0.004862927751437476
188,0.005945900301826253,0.1448637969488154,0.6834106416174482,0.15589967413110364,0.009879987000806398
189,0.0008439935300065215,0.930335823922393,0.05510100623389491,0.00911511403158541,0.004604062282120174
190,0.018651203754664867,0.053656608389489505,0.3545454526364538,0.46604391143820706,0.1071028237811847
191,0.0019117265852912515,0.7213215853883685,0.2615734003306789,0.010354326930635236,0.0048389607650260215
192,0.013618335274286823,0.21287871954578505,0.3252235469673822,0.193168663300538,0.2551107349120079
193,0.004754294676528859,0.0368272560181093,0.34486189662767813,0.5474863810544214,0.06607017162326233
194,0.0018027744468842673,0.8497993800985053,0.09654214955278857,0.04023205274837482,0.011623643153447062
195,0.018410178643322866,0.060647461872063164,0.3634756200219566,0.5154687485834747,0.04199799087918265
196,0.0013238072316608018,0.5797896654388092,0.39872395302826974,0.017466018478457104,0.0026965558228031223
197,0.0009419681193983486,0.9547278571229584,0.03959269727573881,0.002354855285768103,0.002382622196136086
198,0.005339169336958147,0.0376583443354207,0.15472767110971003,0.6564033963426912,0.14587141887521998
199,0.00110803844171959,0.5671737052703617,0.403560586496679,0.021210709964257272,0.006946959826982471
200,0.09281203501728573,0.10285208952524347,0.45054354386522627,0.26831183590117536,0.08548049569106903
201,0.016591360650455467,0.006313703631291788,0.10546212009268792,0.2743128299275416,0.5973199856980232
202,0.008564821695474555,0.48925454989429606,0.4567545117503949,0.040881794498078015,0.004544322161756298
203,0.002248150854984711,0.7229866048860102,0.2585112980265994,0.011163185970444696,0.005090760261960905
204,0.002893753447828693,0.7795462510279136,0.1929891595034715,0.015591091362692915,0.008979744658093182
205,0.00454571348565204,0.18467598806136906,0.5752366953178911,0.2021684633921046,0.033373139742983234
206,0.004148340575216782,0.661808245288117,0.2594638960861058,0.04184058488768788,0.03273893316287253
207,0.0006645553924551015,0.4230176937165224,0.5616800433488909,0.012259656659175949,0.0023780508829555863
208,0.005498087354526208,0.22590050772902892,0.5169998657481912,0.1609601200404927,0.09064141912776096
209,0.002027534469073711,0.23970145162120213,0.6851305624003147,0.059893019116606265,0.013247432392803205
210,0.006316468506503447,0.3771045466837681,0.32068529294060266,0.17319392906962838,0.12269976279949735
211,0.0019343498998474337,0.14703079230186916,0.4443208510047556,0.2684149390392745,0.1382990677542533
212,0.006614377969499578,0.011258991055034044,0.12650929760026516,0.6927795879048853,0.16283774547031604
213,0.009096665595674142,0.3101467679582835,0.46612885478544613,0.1986626317107648,0.015965079949831627
214,0.006191223203415261,0.148087425328887,0.5800403400845762,0.24477671618663083,0.020904295196490806
215,0.006839358433555193,0.3066665332247824,0.6071076232147976,0.07032497187061094,0.009061513256253852
216,0.0017703169930811046,0.015200745409119379,0.1710773245444197,0.5836644648025043,0.2282871482508756
217,0.0006663663560895899,0.9028491072957713,0.08843817016063073,0.006620267334936216,0.0014260888525722232
218,0.0006704027275137373,0.8890087821415498,0.10087679474356358,0.0081367098998583,0.0013073104875146154
219,0.0015701394008771348,0.8012712714357131,0.17937214547679345,0.013773729157988556,0.004012714528627617
220,0.011487557516286627,0.03893346939494666,0.2010049939575566,0.45213621238073565,0.29643776675047456
221,0.001068658840529362,0.8893671062895517,0.08004593253589747,0.024482929551581115,0.0050353727824405505
222,0.0033870592202587513,0.18446433127855885,0.4265348589775842,0.2410081901957617,0.14460556032783647
223,0.0008016300589668733,0.8847212319449345,0.09873863253701665,0.00930987296365031,0.006428632495431649
224,0.012290919851809882,0.017963420824325286,0.0824537573619141,0.5026280697082534,0.3846638322536974
225,0.002971640796603725,0.19721382475383648,0.700373343151579,0.08939279485869031,0.01004839643929069
226,0.007757848846865381,0.3490557727447801,0.5174091737425232,0.09551781756882956,0.030259387097001947
227,0.002695480568690161,0.4569319920268828,0.47786169443308274,0.053619733614511014,0.008891099356833219
228,0.06979994365822041,0.8011254267148363,0.1058469172216132,0.015102715441712792,0.008124996963617214
229,0.0009489266878695107,0.6685910793495422,0.2747711646218757,0.04929006949075458,0.006398759849958179
230,0.007413072028925523,0.35845831092623015,0.3676657421169854,0.17699959819777536,0.0894632767300835
231,0.005211852781334933,0.15360810869295413,0.6812810276430473,0.15076072408359745,0.009138286799066087
232,0.00034514057938765343,0.9313200804509955,0.056385748768725805,0.009181900712422638,0.002767129488468479
233,0.012154697293254383,0.20393037204898887,0.4800904677924209,0.15916307575081454,0.1446613871145214
234,0.0057223297869750485,0.059165059745087664,0.34003355909818667,0.4160536706480547,0.17902538072169596
235,0.004451968967751282,0.045303432553851365,0.4386116577243399,0.44063897950888326,0.07099396124517422
236,0.003346657349875571,0.06043010013280382,0.7849438819843852,0.14612802226195,0.005151338270985386
237,0.0007727922119283619,0.9262652439931626,0.06679286641491601,0.0049326743054044705,0.001236423074588481
238,0.005740686295917604,0.1060001036999519,0.6995397589435717,0.175176974678176,0.013542476382382812
239,0.002433978943447863,0.7469373880511301,0.21789247253391006,0.018656521884827835,0.014079638586684208
240,0.009739037024878956,0.06611598420877574,0.6583609749833631,0.2557884070459235,0.009995596737058684
241,0.025166091322992353,0.5479479126715868,0.30924031242890787,0.09610153862482182,0.0215441449516912
242,0.001716977979531625,0.8081747165060117,0.18210432535002175,0.006381769302831242,0.0016222108616038443
243,0.0010651586738992928,0.5354936602044378,0.4053242393720399,0.04814700896306044,0.00996993278656277
244,0.0007373087929435431,0.8821948776938732,0.09338903472416955,0.020982888599908347,0.0026958901891052617
245,0.003289228664981509,0.4602070446245261,0.5055930069053771,0.022663746522437876,0.008246973282677327
246,0.0010033714756563907,0.9441355609407054,0.04366130195872847,0.008408870326798537,0.0027908952981110994
247,0.020237831975088282,0.5973970257835056,0.2561594583678037,0.09703195226734061,0.02917373160626179
248,0.006189607071332867,0.6054085081821163,0.31346999499716593,0.03808980251067871,0.03684208723870609
249,0.003526842797847853,0.11406239687515365,0.7622453432332742,0.11363345520911446,0.00653196188460984
250,0.0039308575714098815,0.3300851892028136,0.6426435252475032,0.019370980227485728,0.003969447750787583
251,0.001885316396653719,0.8533023748557136,0.13716944107629925,0.006044020216059168,0.0015988474552742593
252,0.001827949682931111,0.6293468802305399,0.35655678872918645,0.010050469524925082,0.002217911832417563
253,0.002133622287739849,0.3616085457294713,0.5351584362062298,0.08626524109734189,0.014834154679217167
254,0.01644260373438546,0.18652352651621118,0.4903553276701426,0.18766963384525753,0.11900890823400315
255,0.0033764462125750842,0.6255094922279784,0.29142775255001147,0.04443890332133648,0.03524740568809868
256,0.0006440584076726828,0.9223457127814351,0.06269603523480506,0.008486171244111567,0.005828022331975792
257,0.02250816833982514,0.030234071731655446,0.31884211643146954,0.33126210273468876,0.2971535407623612
258,0.00134321337675676,0.8803981830462382,0.10351206046678417,0.010901196220398429,0.003845346889822352
259,0.0024033710374608895,0.8314548866743446,0.13220792499433082,0.016267326955251207,0.01766649033861255
260,0.006370897039987143,0.08543565152779813,0.4321634500831887,0.3039698826205468,0.17206011872847932
261,0.002378750475835283,0.6279701222801077,0.2969607953255539,0.06669596404412613,0.005994367874376765
262,0.004678254314782628,0.6273226482648777,0.2826041233249515,0.04196723078757859,0.04342774330780965
263,0.011485539182218198,0.05620172493747141,0.42772104410189854,0.35141129821024536,0.15318039356816657
264,0.01833476629558013,0.04040056107176552,0.5912753290133046,0.1911747555190841,0.15881458810026558
265,0.006791110801144395,0.12046352837079642,0.2829166527056166,0.2709533212732066,0.318875386849236
266,0.0019750235407184798,0.10756973374639935,0.6128917267134556,0.21461990830165903,0.06294360769776766
267,0.0033208574527867165,0.5236341246841,0.4553123479004712,0.013532016218590433,0.0042006537440518014
268,0.002179181391507581,0.3482903692420071,0.6132508665911222,0.030098762957058718,0.006180819818304437
269,0.0009475218622235838,0.5853456424238933,0.39053401072069704,0.0216448148494316,0.001528010143754503
270,0.0028123876557653053,0.3725229579364323,0.521817577181877,0.05856550203700209,0.044281575188923034
271,0.0018746024526233452,0.6652273559065375,0.2902969137453821,0.026827922409535413,0.01577320548592154
272,0.0013227329244661612,0.6750972696151608,0.273433336360519,0.031404484506171844,0.018742176593682207
273,0.0213796632203285,0.32286965626924397,0.49946457234054054,0.11168160421283202,0.044604503957055
274,0.012913782240568128,0.007927450104165958,0.09004140887643977,0.6233846944647273,0.26573266431409875
275,0.0012010301768016127,0.6752108218656777,0.287529570307259,0.020833108120816783,0.015225469529444764
276,0.0014503305382943395,0.7920980037318119,0.1999058588827312,0.004757885534178041,0.0017879213129845628
277,0.00120229016408519,0.7982650663237618,0.1863687099494386,0.01102613991244237,0.0031377936502720387
278,0.001120739602853048,0.6859512003991898,0.2810762474784345,0.026989433936533743,0.00486237858298884
279,0.008140436905355519,0.43466024229367767,0.5108811817940497,0.0359563080427654,0.01036183096415177
280,0.0015932446134883274,0.8602472470364472,0.09030172674700303,0.03579945647058261,0.012058325132478865
281,0.011175453097315616,0.3482391179924402,0.6086759607261062,0.02470174147989097,0.007207726704247016
282,0.011072167843940668,0.1069120724531029,0.5131973339561452,0.24176859946463825,0.12704982628217298
283,0.01747352582154507,0.40040971232946765,0.3897668998370206,0.15171808439681148,0.04063177761515526
284,0.000842187441924017,0.7099289650108809,0.26757192660916623,0.01915538043020665,0.002501540507822044
285,0.00674602463074073,0.11678088099158267,0.7030645241429015,0.14964844396377114,0.02376012627100394
286,0.0008990343806403011,0.8796917375893354,0.1133732812045332,0.004133179068759477,0.0019027677567317624
287,0.1371594242688023,0.45735140688235454,0.3616013853511084,0.030713264353441832,0.013174519144292947
288,0.0013737051599440205,0.006647164067561331,0.17034397192953185,0.4613931921184675,0.3602419667244954
289,0.0023001323641276463,0.2010263089315742,0.7370478819495411,0.05358388777795373,0.00604178897680328
290,0.009498063393561873,0.1629165028694601,0.34545040152485823,0.44804257437248446,0.03409245783963532
291,0.011755184287067918,0.06171120874895081,0.5619391720284412,0.27162193456855754,0.09297250036698247
292,0.017881748835636736,0.03540234602903933,0.339657629873893,0.29260424825249853,0.3144540270089323
293,0.005997673241680509,0.8717497070059116,0.09493960726307096,0.024354832389753524,0.0029581800995833693
294,0.007025806895676746,0.16315749970799479,0.6227952575155088,0.17428761016339953,0.03273382571742021
295,0.0648986699813677,0.03485386631337343,0.12663692280725886,0.2120313500252568,0.5615791908727431
296,0.00847938942022221,0.2864828355718622,0.4708804481724199,0.1441124563735178,0.0900448704619778
297,0.005772091337258994,0.8648616056881013,0.1072632604624948,0.017416519615600524,0.004686522896544246
298,0.013838390164824011,0.18200112031741775,0.41507566777613636,0.35462695332710525,0.0344578684145167
299,0.0024043271104733648,0.25776327811685973,0.6988579584098173,0.03403334680331966,0.00694108955952991
300,0.00749233110809167,0.18571851223240537,0.6584267820302522,0.11195817723545473,0.03640419739379597
301,0.013319611014195426,0.13892408331364645,0.6222420136844139,0.20146927896212866,0.0240450130256155
302,0.18796945367535434,0.045913164696800624,0.06341104502841592,0.19030672261530898,0.5123996139841202
303,0.001986043638797485,0.09287003406300631,0.5306278128946338,0.35656541675497794,0.01795069264858439
304,0.01257257691005708,0.04938382040649083,0.5950566915255998,0.21837380224534536,0.12461310891250683
305,0.001979585922692955,0.6015939686117617,0.35923597826316545,0.033524867038554354,0.0036656001638256564
306,0.0013748839610005904,0.6777740731629313,0.27114706054781457,0.026236014018898194,0.0234679683093555
307,0.00038684691077546084,0.955823006619525,0.03729544913209765,0.004515120129820602,0.001979577207781273
308,0.0003306113008858716,0.9223356730568374,0.07237305452632037,0.004142550312754723,0.0008181108032016786
309,0.0011739129258486595,0.3960361078491958,0.5681919935491178,0.03098426679722116,0.003613718878616587
310,0.018334928176381046,0.06508184661135645,0.46810176765110173,0.4189473481317434,0.029534109429417307
311,0.001803305516516504,0.7042448810524199,0.2746366776996633,0.014017726580778716,0.005297409150621746
312,0.007470750567503873,0.4007728850766903,0.5336983435771042,0.04628845565687519,0.011769565121826475
313,0.12602731389803892,0.4280950828108436,0.3819215650672811,0.05606441539253104,0.007891622831305418
314,0.002211295932175436,0.4015775211182658,0.4828150630650108,0.10000103921312624,0.013395080671421769
315,0.003929381106138956,0.4090690072916208,0.33495154105796726,0.15313112508622737,0.0989189454580456
316,0.0017597741612385201,0.8801308029082179,0.11254954102625157,0.004262164123619539,0.001297717780672501
317,0.006993530751374979,0.10729789749098759,0.7677304825427838,0.10267160968556256,0.015306479529291052
318,0.0007362238287192966,0.6459182497760136,0.3393895614310796,0.010640422154294522,0.003315542809892935
319,0.011896077390617965,0.2629472403105859,0.5749544941108562,0.12307102835662237,0.02713115983131759
320,0.004284288724430052,0.3741880399134198,0.5822145866031729,0.0345988376679241,0.004714247091053002
321,0.004184373887655183,0.15276075357942573,0.7071415368945874,0.12361884380149052,0.012294491836841335
322,0.0035720321213032623,0.23844059004207915,0.726092236363487,0.02938750355567017,0.0025076379174603955
323,0.0007827639490880228,0.6145813282042966,0.3340122170361708,0.03799261503652685,0.012631075773917593
324,0.09308801535338622,0.1933278604819072,0.38535873743537286,0.2687270229217513,0.0594983638075824
325,0.0003257449728452726,0.5989809335758286,0.36899959255291787,0.022077638753005818,0.009616090145402491
326,0.002386575025884688,0.8001507083764439,0.15420067701403084,0.02164367157754611,0.021618368006094686
327,0.0011052445589110808,0.7806160443255634,0.18648357393511256,0.02976679972165642,0.00202833745875648
328,0.005414447536975104,0.43702945809518207,0.5049631302114737,0.03820858206257492,0.014384382093794378
329,0.00857969144890342,0.20384442993185078,0.7353540977655452,0.04638689453225399,0.005834886321446571
330,0.0014393850504970276,0.8699933744277244,0.1140472384949224,0.01262327681146287,0.0018967252153932394
331,0.004137749534498663,0.2913794631617297,0.5477824361267439,0.10976724357788824,0.046933107599139295
332,0.002009465257529532,0.28271371778524523,0.673044447369319,0.03808483259927636,0.004147536988629819
333,0.0011101274857904333,0.5906588356229028,0.35939246463376456,0.045213943351445435,0.0036246289060968017
334,0.015772103628829637,0.011788122051746298,0.05527774314026469,0.6488159503503168,0.2683460808288425
335,0.0015588237818106021,0.6737210274848374,0.30943924918909316,0.010745240663190865,0.004535658881067926
336,0.00441579744908895,0.4748775023553134,0.48764053193464596,0.027496169873367,0.005569998387584596
337,0.0013421866300472197,0.4753019357253815,0.5010373158107017,0.01849810450731495,0.0038204573265546906
338,0.0076663496977869665,0.17187362082146243,0.7137427882564129,0.09979967383240078,0.0069175673919369615
339,0.0015113969584069633,0.9016266443355268,0.0838679376255939,0.006505394434886365,0.00648862664558634
340,0.006095269747799159,0.41233881556439417,0.5105948085935221,0.05654964278239246,0.014421463311892032
341,0.0009209042921477327,0.39397048793210776,0.5661394539898675,0.03467034337671012,0.004298810409166858
342,0.0008883662695946238,0.9265661091604922,0.06488865160118702,0.005706383028581644,0.001950489940144223
343,0.01090747452836636,0.38837555562701,0.5201632122065537,0.071200398875388,0.009353358762681892
344,0.0013229671674574442,0.7392733319396413,0.2175443995972765,0.031141745847862425,0.010717555447762317
345,0.0038061753432104923,0.10642988160704901,0.7798575727472923,0.10176110554146525,0.008145264760983035
346,0.011079305051043105,0.5238817274873364,0.2949532340987752,0.14949610837486643,0.020589624987978918
347,0.01193262368703868,0.005175756293934334,0.025569582636714595,0.2380667830038363,0.719255254378476
348,0.0016402513815097215,0.8290749415072919,0.14463235880541025,0.013580418464096017,0.011072029841692362
349,0.0008637082662894187,0.1753259560188781,0.7582706843826801,0.06301666788158675,0.0025229834505656303
350,0.027867122737585456,0.4839791330799563,0.3489787137564346,0.09326107605990352,0.045913954366119995
351,0.004177511019644058,0.10518048876689826,0.6265346386493545,0.21760589479587417,0.04650146676822889
352,0.001140858244561543,0.7113731306212515,0.2610471558273797,0.02100508667578197,0.005433768631025361
353,0.001617344249060203,0.644156979115041,0.3323365724678784,0.017391360625435004,0.004497743542585199
354,0.007024290886229181,0.009751334790305415,0.06461905320791002,0.2897679468580159,0.6288373742575395
355,0.0026011734382881593,0.3693152207214054,0.5427713108167261,0.07849768657119797,0.006814608452382233
356,0.044685226527134886,0.018247143619573702,0.6041665056953841,0.2649791955120012,0.06792192864590602
357,0.01780868570010777,0.7264286064938857,0.2272964661232967,0.019723665347121225,0.008742576335588568
358,0.002468905467784007,0.8235373894946152,0.14811138467769466,0.02222631541641687,0.0036560049434893765
359,0.0017538048577136428,0.8958532459601254,0.09156762803046599,0.008222324971362495,0.0026029961803324766
360,0.0005105761178755454,0.9392586636392172,0.05552799242399729,0.003970816816135707,0.0007319510027741142
361,0.001149573920356788,0.8573751064412735,0.1314838774610834,0.008530016811563837,0.0014614253657224297
362,0.017438651038805434,0.604167459610277,0.32430456853261974,0.041442802184150834,0.012646518634147012
363,0.0003143341746858927,0.9519674421968423,0.044656386455218626,0.0023466381539987316,0.0007151990192543198
364,0.009898954307217971,0.16312760749220984,0.6228211473720147,0.17082892122636925,0.033323369602188305
365,0.0009469510175559749,0.7386633652327864,0.2545084581852444,0.004948853299105443,0.0009323722653079662
366,0.01912838679024478,0.5148594818244503,0.4216563753276232,0.03791166695153727,0.00644408910614443
367,0.006716037601542041,0.022609667900881068,0.19336824711919265,0.24325124595896708,0.5340548014194172
368,0.006631464121978908,0.47574911694325345,0.48840951399354615,0.022929934094267603,0.006279970846954001
369,0.0008668419932171071,0.8996077492125878,0.09428939523447166,0.00440187902085309,0.0008341345388704632
370,0.0031763582206439816,0.31442370343156656,0.5699885318052418,0.06989340583120537,0.04251800071134236
371,0.004808352778054112,0.26061659352966005,0.6063949892916523,0.11542250178155378,0.012757562619079703
372,0.0020142829130793288,0.7814634720293098,0.17246494357626402,0.033045515559381775,0.011011785921965334
373,0.004599081102696341,0.8413673462263861,0.13785206316933893,0.013026936543859557,0.003154572957719082
374,0.005291231822962053,0.6712043251163612,0.21454465951819293,0.07362182363417573,0.03533795990830814
375,0.03499310417358546,0.38086969581756547,0.294612496404304,0.16643446262051287,0.12309024098403232
376,0.007138743857475032,0.2133171276913917,0.5335167529786227,0.22085251253147464,0.02517486294103603
377,0.008314388386514361,0.3696173840125226,0.600482548067875,0.01868635736091827,0.0028993221721697678
378,0.002611054159385239,0.09338226529283901,0.7432042625000354,0.13332523086270803,0.02747718718503246
379,0.0068141472857278056,0.07756571224862614,0.7847339150490502,0.11885107460226199,0.0120351508143337
380,0.006766886690444969,0.03849961019901315,0.5428604566041927,0.3316267871457023,0.0802462593606468
381,0.014396983089714823,0.21337050231730673,0.7296080213575284,0.03618177338122549,0.006442719854224465
