id,no answer,very important,quite important,not important,not at all important
0,0.0033058841094548838,0.6249204396145377,0.18027359721022934,0.1503211281995323,0.04117895086624579
1,0.008152108480144684,0.11444181323611105,0.7510241447151207,0.11063671370264157,0.015745219865982044
2,0.01595772095945374,0.19612958407368095,0.3866316615677792,0.35644277299013366,0.044838260408952293
3,0.01305704679891009,0.1598646755983383,0.5867397584023922,0.1870662925351119,0.05327222666524742
4,0.006787962357510694,0.3117236900157981,0.5450365321354318,0.1149751335096877,0.021476681981571658
5,0.0024176976142060574,0.6380517411965428,0.29481993684133695,0.054692123857794796,0.010018500490119344
6,0.0014279909227890343,0.7561762614629538,0.1941394487620402,0.029680296891491355,0.018576001960725858
7,0.0054000535907005156,0.04963838211807148,0.2914085076269965,0.37441276477092766,0.2791402918933038
8,0.00448903289662627,0.39149849235781253,0.42967348986837683,0.13545374752690792,0.0388852373502764
9,0.004490120726815694,0.8042282619529546,0.14268683945749835,0.03574581892545149,0.012848958937280065
10,0.006559778827460987,0.40633917621086235,0.3828386661972505,0.1525473179447139,0.05171506081971215
11,0.012535912688184514,0.06687520273586736,0.214514119300268,0.3253394525939953,0.3807353126816848
12,0.0027637124820859473,0.7926103051192029,0.16934232451427103,0.028018859767841065,0.007264798116599058
13,0.005587803820003886,0.3215697907209369,0.5981641405283732,0.05979220749653895,0.014886057434147216
14,0.005834500356589601,0.11398950336618316,0.4945177450210549,0.36324388724783085,0.022414364008341632
15,0.005636326764630358,0.3905423413417097,0.5307633827469801,0.06000574138486238,0.013052207761817574
16,0.005399583371620479,0.6634412553219664,0.25676012612288296,0.06377703065952109,0.010622004524008978
17,0.005649979179092417,0.019035892180064632,0.15003524986682745,0.7067588211631228,0.11852005761089268
18,0.009640189423135884,0.2018121838995353,0.6712963483229049,0.09880139674023881,0.018449881614185162
19,0.0027311260096501183,0.5402356891451549,0.3632801121298377,0.05311309290703084,0.04063997980832641
20,0.04367755882192964,0.22155894523852288,0.3111433653749746,0.17723165541828198,0.2463884751462908
21,0.0011692732216893418,0.8695456575163563,0.10826277431483822,0.01634375292548351,0.004678542021632762
22,0.010924359194030609,0.24338894007793732,0.5152094268100793,0.1810779012719783,0.04939937264597453
23,0.0035866477566844947,0.4070707015694809,0.47354377349475957,0.09899770407339817,0.01680117310567687
24,0.011317375771746232,0.2604878911702592,0.5727860229897839,0.12304490418355168,0.032363805884659
25,0.003436011264438806,0.2471671141017175,0.5927231832689819,0.1357318146125535,0.02094187675230846
26,0.06716518868620874,0.6634679568003454,0.19419084139102993,0.05085484603157094,0.024321167090844985
27,0.011725346170746418,0.14125960700569157,0.5538399789818057,0.1820128280806505,0.1111622397611058
28,0.004317642903610189,0.22440428499985934,0.5262308304492949,0.2221168199174251,0.022930421729810437
29,0.2956733023514324,0.3122178524324705,0.3533567458846093,0.030079742093785736,0.008672357237702055
30,0.005236324184116495,0.057004687106550815,0.36203739467695684,0.29380246356863843,0.2819191304637375
31,0.002564355044525319,0.6094944637632265,0.3455610982408565,0.030193527983445868,0.012186554967945958
32,0.0012247869238969855,0.8700044509267689,0.10895124523159916,0.0149803299091691,0.004839187008565783
33,0.00844046943085615,0.22127444152281198,0.5982498500243948,0.12392059884953521,0.048114640172401836
34,0.004090433437938689,0.686967572858678,0.2702744035911925,0.030520584168322186,0.008147005943868676
35,0.008001854854305672,0.05871477368644716,0.29673163202528585,0.3456198078270481,0.29093193160691333
36,0.003474116108209815,0.4027069424204094,0.5164228727834778,0.0640036187946507,0.0133924498932523
37,0.005707523827203401,0.7257992342356414,0.20962345673352736,0.038271361980084295,0.02059842322354371
38,0.0021822250132141267,0.4495765153583882,0.4711337627135288,0.06631767347491944,0.010789823439949303
39,0.0064619708970011635,0.3140392662280732,0.5495373260875913,0.11173390580902123,0.018227530978313013
40,0.0022498417340109777,0.6958120307125724,0.26603778808307055,0.026909609831945357,0.008990729638400701
41,0.007688575887089864,0.12912863990728968,0.3042092401061644,0.3163450473341967,0.24262849676525924
42,0.0044746521699790395,0.2060103737256139,0.4442177929526245,0.2112114739939977,0.1340857071577849
43,0.004620687857946481,0.4549611156724858,0.4691054507419861,0.05972256982531454,0.011590175902266978
44,0.003559518305709168,0.4595078042975764,0.44941949609623394,0.07020919958550836,0.01730398171497199
45,0.010599189438436607,0.22578274467308568,0.3405820870995178,0.34355902306570657,0.07947695572325333
46,0.002104954340974352,0.5427314740278872,0.41654485224865134,0.029562667774042886,0.009056051608444318
47,0.00302927567571304,0.5367034674336315,0.39405725299236244,0.05048994744367003,0.01572005645462302
48,0.002444842588563297,0.70159505251714,0.24973104369250065,0.03613422889620505,0.010094832305590874
49,0.006279621633047106,0.7752932216686286,0.17959920541383287,0.03100826740933056,0.007819683875160802
50,0.00364964056753246,0.6560183568437692,0.26216736169531846,0.05494489873172077,0.023219742161659004
51,0.0024990829064697098,0.6449526704885651,0.26102720059414924,0.05598792733970793,0.035533118671107956
52,0.007628548388863596,0.24154096730943156,0.644176829834348,0.08830779440257315,0.018345860064783684
53,0.006902466875237656,0.06880784154052626,0.4510824488996132,0.42572972080579835,0.04747752187882452
54,0.004413504146960185,0.204721939498168,0.5937012928252946,0.1480298861729603,0.04913337735661683
55,0.004623106826718434,0.521969250435215,0.4241714004849932,0.039603365631403,0.009632876621670278
56,0.00582289562084559,0.1255336025949408,0.7364564083203945,0.10985485207803779,0.022332241385781285
57,0.00683013212006445,0.31485792066701257,0.46312518594993207,0.19477242335666614,0.02041433790632465
58,0.006038325737855101,0.19471847410821055,0.4712426383998745,0.270291336877652,0.05770922487640778
59,0.005681374637075191,0.5806671699332723,0.3400337765909906,0.047931739917785966,0.025685938920875867
60,0.0019327683430873824,0.7586518326429478,0.20467690096651042,0.026591086336662816,0.008147411710791534
61,0.0053113294839950385,0.053585325998555894,0.45505047203990234,0.2854167125211526,0.20063615995639408
62,0.002778660567658432,0.10804343009610243,0.6209035216086269,0.2400294530995275,0.02824493462808465
63,0.002470813686287723,0.39794293492874405,0.5013892291258022,0.08376304292283437,0.014433979336331705
64,0.041343431534506675,0.37430753700463393,0.3928650379427402,0.12161869325843144,0.06986530025968787
65,0.006518487814659829,0.2728704789828249,0.6148696610230708,0.08779673511416886,0.01794463706527563
66,0.010219310953438665,0.12015765786618132,0.5101107616434896,0.32052330522427763,0.03898896431261284
67,0.0033812583570959854,0.5301810928433915,0.2972698438069508,0.13760595375468648,0.03156185123787516
68,0.0029755373338233443,0.5024209073672332,0.4377244525637285,0.04570679695642709,0.011172305778787785
69,0.006196494093623494,0.13496942314846339,0.6789776069398239,0.16010588804832093,0.019750587769768305
70,0.007838270131867416,0.2750740507040178,0.3780947950818055,0.277756882956401,0.06123600112590826
71,0.013274674075888367,0.47747069897130157,0.3666775167602417,0.10963748334003794,0.032939626852530206
72,0.0013967435766358302,0.8920993337922319,0.08737805615158398,0.014016192748081576,0.005109673731466698
73,0.004550648837021322,0.23405692349505877,0.5304249948822979,0.18972367326483264,0.04124375952078941
74,0.00397126537420326,0.5413620182922488,0.35561436793414447,0.06694162092783311,0.032110727471570344
75,0.002378960354342022,0.6697358141952661,0.21506235006912136,0.08999245150091309,0.02283042388035754
76,0.0026507754862902877,0.842604933550447,0.13277131243894452,0.01661458852465034,0.005358389999667848
77,0.0033661295262600046,0.3762201072817027,0.4174167203555036,0.1697234588447375,0.033273583991796106
78,0.010777408459031948,0.6588777231199401,0.23995271545168104,0.06270487528029145,0.027687277689055483
79,0.006266784703704654,0.278429471571053,0.6172798204979532,0.08267193268397997,0.01535199054330929
80,0.0023551591212009767,0.42628261065304723,0.5032114532426017,0.05489648638092791,0.013254290602222149
81,0.0028556070462683126,0.6147548073006978,0.3441751417358783,0.026084603072585456,0.012129840844570241
82,0.007860803027283895,0.2825223432475826,0.45011382290979873,0.13017015442372543,0.1293328763916094
83,0.2528785026133855,0.2740651329722749,0.3708049314291019,0.07101558726192264,0.031235845723314958
84,0.025351096367521194,0.25138210622396223,0.3145202839974413,0.24232371696821592,0.16642279644285932
85,0.001643346974710641,0.6892529863399552,0.23104177130404616,0.04599879694010757,0.0320630984411805
86,0.0023069527560316038,0.7357353313275034,0.18872932740429962,0.06290332236044016,0.010325066151725246
87,0.0024199739786301766,0.5765990472943942,0.38416079445651546,0.025601955722644242,0.011218228547816003
88,0.00508368759388114,0.0481935722753084,0.38555933992559566,0.38366641663486445,0.1774969835703503
89,0.01374686684439457,0.14895315500672704,0.39629757174190083,0.37952222119208934,0.06148018521488826
90,0.006836223763885722,0.5058217856151116,0.4293873915075379,0.04412714523538926,0.013827453878075439
91,0.003142334133328521,0.26113440955100947,0.5616421436942077,0.12933961703237043,0.044741495589083774
92,0.01765150682666137,0.1531603366633976,0.44471681552807324,0.3267342567058046,0.057737084276063305
93,0.018193998954127502,0.09942265867514233,0.4947551373429258,0.287578096389683,0.10005010863812154
94,0.00989528297130022,0.3017863378458676,0.5063886826239954,0.1269043474881217,0.05502534907071508
95,0.002453881635991756,0.5541637761828386,0.4070477904284054,0.02514764837928125,0.01118690337348303
96,0.005582932550102137,0.05787496048008692,0.4508444529524757,0.29765725233367424,0.18804040168366096
97,0.0019894853468419467,0.7469968118668401,0.20619316159781886,0.03520780511302183,0.009612736075477347
98,0.005896001120042859,0.07867045572278912,0.3777648182740539,0.45348498425886613,0.08418374062424804
99,0.0029432308171064674,0.35270337724441136,0.5469622514761918,0.08119878977424076,0.01619235068804968
100,0.0038692150461484263,0.693282458498738,0.2679463739970286,0.026430157450202885,0.008471795007882059
101,0.005635278831160797,0.2685798842408322,0.5208112719914351,0.16254967692093306,0.04242388801563894
102,0.014616546349385364,0.24251681396259978,0.32713032298648387,0.23336485545819774,0.18237146124333323
103,0.007362606038298287,0.023938970468879883,0.20869505744538722,0.2743712509234528,0.4856321151239817
104,0.005657281575707531,0.030464339059693053,0.1009060871785561,0.45304688850534125,0.4099254036807021
105,0.0014903729818520396,0.8496311448389368,0.12961278017476552,0.014474755533610712,0.004790946470834801
106,0.011687799896694159,0.22711718990216237,0.5689911163262712,0.167224792548787,0.02497910132608515
107,0.003959958103142855,0.7219777371678757,0.23194004913363062,0.030949172876181017,0.011173082719169922
108,0.0023343617925327214,0.7639342629348319,0.1972526640580574,0.0289968741684008,0.007481837046177068
109,0.005267255383798061,0.48657788193651585,0.31055276940406856,0.14930763150750012,0.04829446176811739
110,0.002783236140692415,0.26850758163470556,0.5565525214565051,0.12288925208920473,0.04926740867889214
111,0.0027981124230937134,0.742814799054178,0.2173583945676939,0.028464321773822073,0.008564372181212318
112,0.005442301666514211,0.35964563924659004,0.557056434131905,0.06346686799006504,0.014388756964925807
113,0.0035187538371643334,0.15123678085217923,0.6690937650410306,0.15564531941614673,0.020505380853479017
114,0.004905881303926428,0.34331663792217143,0.44895656654040883,0.17062533868648816,0.03219557554700516
115,0.003759949443751754,0.6390151805388923,0.3032190001930649,0.03925358323516792,0.014752286589123186
116,0.007616856298883968,0.036922732784116494,0.3953202128878385,0.34714608968354804,0.21299410834561303
117,0.006994926326670471,0.05056883039911379,0.35023280445984645,0.33622301374486796,0.25598042506950125
118,0.003362896440116579,0.38463292579679065,0.5157640216673643,0.06275038827013743,0.03348976782559101
119,0.004823415268749415,0.06215936098904821,0.2769646334901862,0.34923607434018195,0.3068165159118343
120,0.0015115328239333906,0.765115064181237,0.2076344693559736,0.019160890461069634,0.006578043177786611
121,0.009333463684937909,0.23623770999356508,0.6340422227038991,0.10325051415066594,0.01713608946693184
122,0.004786925262841738,0.028926586845908462,0.20535123702329683,0.3344839117790839,0.42645133908886906
123,0.016511823406053065,0.04155034318368514,0.3330475871341763,0.39965808000522896,0.20923216627085645
124,0.004908416972191831,0.20603376276267193,0.47681050720110524,0.18312736963221374,0.12911994343181735
125,0.003455583875582318,0.6781385649123235,0.2549376460002218,0.04099056740338804,0.022477637808484247
126,0.005044359058781943,0.06824645119694893,0.41302991487028146,0.31055131233946526,0.20312796253452248
127,0.0031921995887030834,0.4905395985768036,0.43432982331953995,0.04751238705045492,0.02442599146449843
128,0.0027132466357296884,0.7082369266806499,0.1870186366719459,0.043238121908042326,0.05879306810363214
129,0.0036632753005144012,0.14160722738869017,0.6402747017367435,0.19034434946169349,0.02411044611235843
130,0.0032810931209942564,0.145464311287272,0.4865425283532139,0.33006355092936923,0.03464851630915079
131,0.006853628350377556,0.16285382255708158,0.29215945987786346,0.19925921170869546,0.338873877505982
132,0.003687772947290896,0.7569382801009252,0.20627963461412013,0.02590463950309514,0.0071896728345687624
133,0.005268815399019156,0.16053462937827337,0.45271208086290465,0.2246015944149721,0.1568828799448307
134,0.010460258999833055,0.39046787648595244,0.4426043363822033,0.09236254707904326,0.064104981052968
135,0.0053380845834577325,0.664155444848087,0.26774046084194003,0.05027332833233725,0.012492681394177951
136,0.03585526513141368,0.13325753559379233,0.16987424710141802,0.25690454434356896,0.40410840782980695
137,0.003984604665641991,0.18986916065503012,0.7073200051059167,0.08262556515622073,0.01620066441719033
138,0.00414866390423255,0.21147777409743607,0.20479857245806765,0.3780069314419016,0.20156805809836212
139,0.007193848170613397,0.1260411438732978,0.4319944248711296,0.3793420210024436,0.05542856208251565
140,0.005689649397430621,0.363342991615758,0.5201157121444042,0.07595645738951695,0.03489518945289023
141,0.007097521707179992,0.18331474815055568,0.5434395030173566,0.21453238920523027,0.051615837919677436
142,0.0018114266464121483,0.6143184367345296,0.329599607654639,0.03573169106394225,0.01853883790047707
143,0.008114130735890903,0.13968047558632815,0.6448766770177149,0.15332632815094477,0.054002388509121285
144,0.0026924498664616424,0.7207921276125279,0.2349628470969094,0.029609651144205856,0.011942924279895399
145,0.01348787784187049,0.10118760786728749,0.3006737459964645,0.35487172161770136,0.22977904667667606
146,0.005144917922583176,0.38519800233519413,0.45597772348705545,0.10866206002308175,0.04501729623208563
147,0.04345534895995297,0.19659644133323265,0.550301007547604,0.1643585450236648,0.045288657135545585
148,0.007978230878456725,0.0749977990715378,0.4495343543053348,0.4283122087729954,0.03917740697167554
149,0.005839741874420415,0.657285780720574,0.2746099009815629,0.04620921005368475,0.016055366369758038
150,0.033893995157588716,0.11567571818283039,0.43176586368234754,0.3258833545242724,0.092781068452961
151,0.00499470797050387,0.031020318358115452,0.17155996548292865,0.3104785167884946,0.4819464913999573
152,0.002172590115831013,0.8205151252391323,0.13638203311489142,0.02534228590919733,0.01558796562094811
153,0.0019855505187450643,0.6279209460646001,0.3051042981410036,0.05291084168635725,0.01207836358929386
154,0.001374115498551472,0.7979482871262963,0.18145438498754818,0.013279899268405091,0.005943313119198881
155,0.007602304717551405,0.07875931627940895,0.4255445151409771,0.3840511479655585,0.10404271589650403
156,0.00399191997326208,0.32584968539377845,0.5597427569889141,0.08029990686438505,0.030115730779660333
157,0.0012339820015121697,0.8157856145028668,0.15632629615986268,0.02054849358130041,0.00610561375445802
158,0.006802352655315283,0.24952198797859385,0.4543201372646109,0.24694109108868667,0.04241443101279329
159,0.013192726760102125,0.04017547167414901,0.1923493502732399,0.43639363163253714,0.31788881965997184
160,0.011452633054323261,0.4879759328268969,0.36247804967392716,0.1223647729735473,0.015728611471305363
161,0.001177772316840181,0.8798381232058667,0.10041841091104588,0.013799076977051667,0.004766616589195661
162,0.010423577797937686,0.04642668822751545,0.23009107527526276,0.4776225019328994,0.23543615676638474
163,0.003043411184640728,0.5538836666887811,0.3963269952559,0.03126652143484279,0.015479405435835427
164,0.013945032388272355,0.49530717917907313,0.3363417961854741,0.13626203292440858,0.018143959322771807
165,0.0028342517440062684,0.24837839709441187,0.6645713213953808,0.06960607560734891,0.014609954158852159
166,0.003886899749904236,0.6273728054540636,0.27656376485650674,0.057415934278857064,0.03476059566066831
167,0.0017336792712621168,0.7603878975235389,0.19607069269116084,0.02558329174552345,0.016224438768514614
168,0.003963251481902622,0.3737831049045925,0.506438643417891,0.09587715858805514,0.01993784160755871
169,0.005377423567288422,0.35108026581438545,0.4173975305634768,0.194097607201241,0.03204717285360831
170,0.002333247404518398,0.6988506700209475,0.22301436874557182,0.054299169774275506,0.02150254405468669
171,0.003074788854615245,0.45628918516704203,0.42710993298727434,0.09796349033163189,0.015562602659436597
172,0.0033046233123589334,0.08626025172909595,0.6989704994185668,0.1957329818600306,0.015731643679947824
173,0.006213648088380596,0.24267531138302736,0.5715642549739447,0.13424966963740526,0.045297115917242135
174,0.003728380074232211,0.08130740346134725,0.6522065976194101,0.1904957417005533,0.0722618771444572
175,0.009997050982189828,0.20672767309439138,0.6130010927923397,0.14836946351588287,0.02190471961519634
176,0.004332507798486382,0.042419767465286605,0.3346271516260766,0.48199554420328206,0.13662502890686828
177,0.01303242010947182,0.13543238126436394,0.6690743592781512,0.14436862425094102,0.038092215097072085
178,0.0015303725932003453,0.8875982957324505,0.09097022453814368,0.01412958642134418,0.0057715207148612
179,0.005914886009962707,0.2792811976607108,0.5264557708018966,0.14074445571260455,0.04760368981482532
180,0.0036790970730458112,0.2994590644370159,0.590013233568505,0.08480242914650613,0.02204617577492706
181,0.0036499172114672893,0.20354617955778112,0.5670242113693774,0.20190116668132738,0.023878525180046743
182,0.0032898720425901065,0.8386111725504608,0.13981613987499616,0.013502155165266204,0.004780660366686768
183,0.0029978786471652583,0.6056309720436793,0.31788271685389685,0.0611371766798706,0.012351255775388002
184,0.004202745977299022,0.049256113399886975,0.3393888931840842,0.4888965383597082,0.11825570907902147
185,0.006204984305543043,0.4799814890466121,0.43325159460604085,0.0460959318970594,0.03446600014474469
186,0.00295326031610257,0.7016439771647999,0.22206604001623118,0.04715838733734781,0.026178335165518343
187,0.002444924358206465,0.5093820977879038,0.44181245558142224,0.035230864480367816,0.011129657792099746
188,0.012483860764092908,0.21802745345125465,0.5043312689301424,0.22269501516517978,0.042462401689330305
189,0.005930032297161762,0.8467422274289668,0.11574050716308236,0.022956021061627252,0.008631212049161846
190,0.009320907998828419,0.13243700586644772,0.4073162043295438,0.3542044251265525,0.09672145667862762
191,0.0033033150820198152,0.6991390621122892,0.2542218313294352,0.02905566118084935,0.014280130295406644
192,0.012473121699960552,0.11214785175589799,0.3765039733912035,0.29751181760275053,0.2013632355501875
193,0.006481304524859872,0.1414135854561492,0.41198374535611065,0.3189413359125968,0.12118002875028334
194,0.0038723343415848544,0.5865807089085773,0.24156492285224998,0.11898875764896977,0.048993276248618205
195,0.01510303361666445,0.0981649270139559,0.3665271355042466,0.4304206228090167,0.08978428105611647
196,0.004486659717872259,0.2810555026024982,0.6258689900436374,0.0736109011805836,0.014977946455408602
197,0.003577937335330811,0.8453097995879362,0.12325152777305222,0.015260091139198824,0.01260064416448176
198,0.007129789147969873,0.06725580781858154,0.26395498027568826,0.5380723543978533,0.12358706835990703
199,0.002207741725724692,0.5359139176320888,0.38861545656073676,0.04410148883055576,0.02916139525089394
200,0.024780484232642508,0.09103457365502692,0.3928006134209376,0.32458739834962863,0.16679693034176435
201,0.007467182866858228,0.01625961011355976,0.08735706960899584,0.303364698985368,0.5855514384252182
202,0.00546227446836757,0.4548812049490877,0.45898452856349115,0.06827442013908432,0.012397571879969359
203,0.0026385209025109576,0.6633205618673899,0.2950257841827287,0.027498457595460008,0.01151667545191056
204,0.0059932499458029,0.6177225854526656,0.30232581370063444,0.04766411995503317,0.026294230945864017
205,0.003747443992894469,0.24812505179085498,0.47092500726146685,0.23252647954564062,0.04467601740914302
206,0.00407104465413373,0.6347567281615117,0.26222801903871146,0.05686628575552147,0.04207792239012148
207,0.0027021041504274707,0.26043467901350015,0.6894478428295897,0.036649504966928016,0.010765869039554505
208,0.009273610995110565,0.14001071715013605,0.5022020091267945,0.22596248780773417,0.12255117492022483
209,0.004814056138057256,0.2502981761992203,0.5719364963882985,0.12348427559199648,0.04946699568242747
210,0.006797231128323242,0.5758808613654861,0.1439109069407707,0.19289246526883508,0.080518535296585
211,0.003672033730686282,0.11870444844733925,0.40772120216582947,0.3060568391867265,0.16384547646941855
212,0.0038494076827946502,0.02670942536107838,0.08441146653893183,0.5686614148591935,0.3163682855580017
213,0.022590837160094846,0.2142762357526935,0.4938696774970108,0.24460269880487426,0.024660550785326477
214,0.0034024364468158673,0.11697920168967217,0.5607443376707316,0.27861577095016554,0.04025825324261489
215,0.007381981855433954,0.19235312152784184,0.6773624649895589,0.10583289180912389,0.017069539818041428
216,0.0042020469176823425,0.0325578417521969,0.14818466451699217,0.5795806508946041,0.23547479591852447
217,0.0019122952795210663,0.7869191563256297,0.1761114391120808,0.028217788375294164,0.006839320907474436
218,0.002211055201054782,0.7792172220060282,0.18253643172750647,0.029024426428471396,0.007010864636939419
219,0.0028558251460541932,0.7397618022592365,0.19375009894179926,0.050738080599285765,0.012894193053624409
220,0.004108353211586229,0.04639758330767814,0.08909700498261168,0.4554105911621752,0.40498646733594884
221,0.003318551999631373,0.6704503158812148,0.23045337016929937,0.06946191500508327,0.026315846944771175
222,0.007554259499516533,0.17093147395825536,0.390307815474738,0.18901493149895846,0.24219151956853166
223,0.0034190484921648684,0.7575800621272707,0.2020552981514776,0.02897511793911624,0.007970473289970558
224,0.004559540779906332,0.01814075114465811,0.0423415225672041,0.31611211526753585,0.6188460702406956
225,0.004122346404929198,0.3311648237874738,0.47462540218476423,0.1525948229723028,0.037492604650529913
226,0.00819689474722235,0.3677579858844139,0.46968963365377864,0.11247918406989552,0.0418763016446895
227,0.00850794190624564,0.1911441526493873,0.5790691609543945,0.1825434278081763,0.03873531668179628
228,0.08318553863144255,0.7441203321786763,0.12780997392812868,0.03376432803327994,0.01111982722847247
229,0.0020214888589248844,0.6261701765548041,0.23773672637656038,0.11697846639708152,0.017093141812629276
230,0.004780864287722368,0.2168433307300917,0.3923376700729747,0.288962016745886,0.0970761181633251
231,0.004038467240192132,0.11998197478867381,0.5809871633273027,0.26370807130057833,0.031284323343252894
232,0.0023035453558790317,0.7365592018893388,0.18940841746524748,0.05004941378174703,0.021679421507787663
233,0.01631797758467378,0.14414314556969746,0.4278386657316765,0.2240621195020252,0.18763809161192707
234,0.005450205757404024,0.06549424348059639,0.3882951147028601,0.36935272815751313,0.17140770790162627
235,0.004072245649710745,0.06317178798930888,0.35323545555431995,0.48193713645863573,0.09758337434802454
236,0.0042050933781924305,0.13248378118332296,0.6332332840711412,0.21119635065374975,0.018881490713593505
237,0.0029991156690729647,0.8547194802788287,0.11957839616002415,0.016918708615763924,0.005784299276310408
238,0.00947548947080204,0.2772105636842878,0.5255306009646584,0.1597593885058771,0.02802395737437465
239,0.0024665572609239234,0.5334567276360309,0.38311324500401756,0.058080409363007984,0.022883060736019607
240,0.005725693302351515,0.1215054730299539,0.6254141511956989,0.22819586099957898,0.019158821472416775
241,0.03146357291076308,0.646453202832282,0.22080450044992922,0.07648918777517573,0.024789536031849965
242,0.0026159433291300157,0.717826259429204,0.25122450956138165,0.02135946157589285,0.00697382610439156
243,0.002511179450723083,0.5110539057624693,0.35499697965754007,0.09055704805797202,0.04088088707129537
244,0.004042373784586698,0.6462191975836644,0.26246534967195,0.06015395174869646,0.027119127211102444
245,0.0034780907980452177,0.5562100970498469,0.38789311439042473,0.03633713341303134,0.016081564348651975
246,0.001010515419439727,0.9237216866367453,0.05858115786350959,0.01228519962578257,0.004401440454522925
247,0.012331349422142429,0.7776881503034855,0.1429630026331041,0.0485285642505231,0.018488933390744765
248,0.006320092450210902,0.5927933881444593,0.3226857428792547,0.05442337658497859,0.02377739994109642
249,0.0034771774070194977,0.07105324889834067,0.7276255385708353,0.17664314029863512,0.021200894825169292
250,0.007036273601369331,0.26807309407800073,0.6612054751882592,0.05199672421609842,0.0116884329162724
251,0.004742918396379099,0.7883624339632729,0.17934305897097197,0.021408636078594577,0.006142952590781586
252,0.004009923441851565,0.6426066103130086,0.31264022673611025,0.03166117631694969,0.009082063192079742
253,0.00346927103974656,0.24314725925227892,0.5700486721338814,0.16147376999253893,0.021861027581554036
254,0.013065435049762528,0.17503852887994562,0.5058633916261397,0.23227598135507174,0.07375666308908044
255,0.0033853758494686525,0.6491223865407177,0.26369125442005026,0.04860282238653138,0.035198160803231675
256,0.0012699897727643653,0.8701969391843793,0.09528185386249005,0.01945313164622821,0.013798085534138166
257,0.0071963997851435734,0.041407265292100655,0.23050896017354297,0.3189090084020075,0.4019783663472053
258,0.0015004524637610038,0.7902628171412492,0.16929831983172983,0.024160536685784544,0.014777873877475322
259,0.0029391221473876617,0.7350715188681768,0.21233866129087414,0.03080609392679028,0.018844603766771113
260,0.0045683617426125755,0.05931234014250497,0.3870243007643797,0.339161420691242,0.2099335766592608
261,0.003921363346748091,0.5662879400237097,0.30887296637481376,0.10667110822999014,0.01424662202473833
262,0.003305980788559546,0.5780524763533985,0.31431552501804044,0.06384997042300444,0.04047604741699709
263,0.01192597703419603,0.048876328692127755,0.29829010086360186,0.4805471557230493,0.16036043768702504
264,0.024600337161745336,0.0557776915997784,0.46315238148451027,0.2653669601376338,0.19110262961633215
265,0.00461669076661987,0.1407487764033733,0.23831292761961523,0.25224597124952036,0.36407563396087134
266,0.0040653315975718056,0.10835887178600452,0.46685524868239997,0.2744233112364512,0.14629723669757264
267,0.0077945272096193305,0.41750661206375594,0.48425164055619413,0.07523811504511078,0.015209105125319877
268,0.0029669473351553698,0.4508085263334744,0.4564529347236104,0.07663823625499856,0.01313335535276132
269,0.0021161232848304996,0.5962120509795116,0.3520533793758544,0.04128385912532459,0.008334587234478868
270,0.0056114466622308595,0.3847858439578148,0.4168660097487219,0.09024065049037774,0.1024960491408546
271,0.010487986567892436,0.6761206258852036,0.2627313855191808,0.03125648234854566,0.019403519679177493
272,0.003168767932808762,0.5866076653044644,0.31098770632754835,0.0597219928695371,0.039513867565641306
273,0.03003317570270707,0.4952638745857263,0.33097414454488544,0.11132061096823155,0.03240819419844939
274,0.0068400321012081645,0.019517972939107495,0.15710874707745903,0.45433217607896986,0.36220107180325545
275,0.002860930546413679,0.582763964677339,0.3375258844847886,0.051791323412024075,0.025057896879434462
276,0.005630749175651664,0.7128967245268665,0.2587933731744673,0.016627287374993166,0.006051865748021365
277,0.0018101358279242349,0.7555909516858843,0.21808561502449852,0.016837811815833287,0.0076754856458596974
278,0.0024088781191063534,0.5922821889848324,0.35059928487777087,0.04436332028751808,0.01034632773077248
279,0.012610401275777658,0.25418167030839633,0.5832775980044071,0.11017305998531561,0.03975727042610325
280,0.002632196535876041,0.7676653022941526,0.141864197770659,0.06749542955497546,0.020342873844336962
281,0.005521130605081813,0.3240715177775488,0.5996960912515689,0.05743464960837861,0.01327661075742189
282,0.007898828941095806,0.08817411605017886,0.4270459981599792,0.31245814785912784,0.16442290898961834
283,0.04524727960212689,0.5417837446329753,0.32279078314156995,0.06341812488894992,0.02676006773437775
284,0.0027686402527561525,0.4621354673077072,0.4644263530689362,0.057398366190760386,0.013271173179840041
285,0.009313088039859052,0.21319440075093885,0.5792355457118916,0.1539217687949654,0.04433519670234492
286,0.0016124323448457392,0.8002708544682605,0.17578074611612315,0.016799385956701857,0.005536581114068804
287,0.10071829318248295,0.5649929960587831,0.2831723845339328,0.03369082595617412,0.01742550026862723
288,0.004324397163422277,0.04744097879980783,0.2319484462515476,0.35551864647499953,0.3607675313102228
289,0.0037763864686608016,0.33251020749795923,0.5613233193009964,0.08824800798804361,0.014142078744339997
290,0.014937520730127208,0.24569506886237003,0.42819477727380767,0.27719897869611126,0.03397365443758373
291,0.007076465157443321,0.09673817593476547,0.5066782601958116,0.24289057676788686,0.1466165219440926
292,0.019125758730082706,0.054010185519743244,0.25278488456826764,0.33016278319716613,0.3439163879847404
293,0.009559270708076308,0.6101841698283662,0.2524533028882822,0.09881155327481315,0.028991703300462093
294,0.009959612874027978,0.21581294142023028,0.48024653784526056,0.2326375030137127,0.06134340484676851
295,0.37233832515156023,0.058371796981012074,0.20192578030202846,0.2173968688295769,0.14996722873582244
296,0.0056746910882570405,0.2538808627126628,0.49178486516038405,0.1678795830556363,0.08077999798305972
297,0.020996281795457872,0.6453419508457795,0.2452405099855415,0.06231019940516901,0.02611105796805204
298,0.01607180636152407,0.17606933964567864,0.5146555592104766,0.25571257760085936,0.03749071718146118
299,0.002498959622419947,0.37300167283833663,0.5482252031177121,0.06339030542278756,0.012883858998743936
300,0.006314883313629629,0.23736957959498606,0.5362829972784953,0.17692479065807626,0.04310774915481284
301,0.013437154322711675,0.11704592202808681,0.4897424485765131,0.3301598558614906,0.04961461921119789
302,0.1908650517014512,0.08154534107665307,0.054997745180399876,0.20302560840553485,0.46956625363596094
303,0.0036543693665357585,0.07755620981770842,0.40630909198082826,0.46743475675804164,0.045045572076885865
304,0.005482623684012191,0.07136890988099076,0.4615154157231479,0.3152459356517184,0.14638711506013075
305,0.003916022657231213,0.3925936479849969,0.4900880497161198,0.09507278326678521,0.018329496374866923
306,0.0021825884427893643,0.6365357798072455,0.2644619197879254,0.0426660333487716,0.05415367861326809
307,0.0009461129246458608,0.9016922796870487,0.0799459785298741,0.01264383185301282,0.004771797005418642
308,0.0013725942236475811,0.8111435287433123,0.1558778822810993,0.02571187594448191,0.005894118807458722
309,0.0026751561154913887,0.41088687515081906,0.5194012849960095,0.054651284506028006,0.012385399231652125
310,0.01642241205216776,0.09539482850213603,0.5050867170625655,0.3411079964382457,0.0419880459448851
311,0.0019784559132508357,0.6909814237210569,0.2749935135170493,0.021703821513660047,0.01034278533498279
312,0.015149386358310042,0.3306700366529414,0.5582525506811736,0.07083328394005818,0.02509474236751664
313,0.15220499004969487,0.4983583800725889,0.2491289778909461,0.088222019269682,0.012085632717088091
314,0.004043980352680859,0.4883683513649819,0.39090648300897446,0.0969228712692395,0.019758314004123163
315,0.0034379009476892186,0.5069803436330765,0.25673543282593386,0.16367559244069976,0.06917073015260077
316,0.0031062525329145713,0.7912111677472542,0.1817210401148499,0.017489711679017365,0.006471827925963792
317,0.007125547836015073,0.1382051619608765,0.6008627619601572,0.20553100551372985,0.04827552272922135
318,0.003434742345683171,0.43079995067698357,0.5124071970601547,0.0433011834670853,0.010056926450093151
319,0.007661704264854233,0.2567048249643294,0.5083802145491595,0.15892209065039362,0.06833116557126327
320,0.003575618704034173,0.26866444355488733,0.6176040643890657,0.09348182007391335,0.016674053278099506
321,0.005917753765729069,0.1877985508522669,0.5799927762312882,0.1832736684561312,0.04301725069458459
322,0.005957381647252369,0.14975555988897224,0.7252943710178518,0.10273678663591768,0.016255900810006007
323,0.0025462431461243246,0.5465247391054244,0.3619094448527742,0.06188249139939374,0.02713708149628337
324,0.18624541421795796,0.17983419212116533,0.2422324407665728,0.33376444418587264,0.05792350870843129
325,0.0021684920898035476,0.526430982114787,0.3779458034571158,0.060047523788161083,0.03340719855013254
326,0.0036638712596503784,0.7291620527749831,0.16896362215633415,0.03990736366206364,0.058303090146968786
327,0.0028870198208861505,0.5889746490043005,0.3003283732275321,0.09725228168006003,0.010557676267221108
328,0.012793353267081033,0.2862489037269042,0.5599723543977103,0.09400434376750329,0.046981044840801116
329,0.00746156946886586,0.4111888597090356,0.504563142843942,0.06291242640087516,0.01387400157728137
330,0.0035583073318563065,0.7402423923073187,0.1994519779674353,0.04685921612393148,0.009888106269458203
331,0.00740599860097434,0.23175053034476722,0.5373079204981714,0.16014614660175533,0.06338940395433162
332,0.00313168382537853,0.25516412215400697,0.6514866930773938,0.07629298933681511,0.013924511606405603
333,0.002655602430900935,0.5198033694180691,0.4092894179499793,0.0577802597628046,0.01047135043824599
334,0.007075582300881042,0.021945165118717695,0.07215646514702853,0.4282833250977809,0.47053946233559174
335,0.003157225531624441,0.4758891626963666,0.46639750917485573,0.04238129353517457,0.01217480906197876
336,0.005413429662466876,0.5210723104679787,0.3936038767342297,0.05538880535347734,0.024521577781847246
337,0.004166057015425438,0.4663847299571223,0.47823516405247457,0.04075031116834971,0.010463737806628036
338,0.012248837418719717,0.1328241863242662,0.6785624509013921,0.16011360325537125,0.016250922100250635
339,0.00185576856740583,0.8121670652705152,0.14659467356480352,0.02786759717639593,0.011514895420879636
340,0.006177226105106902,0.19039239364422844,0.5965191700390081,0.18006477515211938,0.026846435059537117
341,0.0053769114080139116,0.2616065589862175,0.6299621134460357,0.08795945560201138,0.015094960557721644
342,0.0025809097256787364,0.8581990931390182,0.11861515104756981,0.01562051924540867,0.004984326842324629
343,0.002750606109247796,0.47070694976789806,0.4264459742698796,0.07906546574641587,0.021031004106558657
344,0.0027903761965391506,0.7081225665867155,0.19847557261408652,0.07208896871404419,0.018522515888614744
345,0.00431963669261391,0.17138656377720485,0.5964051252384193,0.2051273439545511,0.022761330337210898
346,0.0067538459204174815,0.37523270860522495,0.338372529953458,0.2216968345807172,0.057944080940182295
347,0.01310283475729144,0.015891821945621967,0.03307103192039317,0.15959860146524618,0.7783357099114473
348,0.002406784694693546,0.6560866038231922,0.27030802178702806,0.04244150047546074,0.02875708921962549
349,0.003498223583865186,0.15263220673330588,0.6337984795015816,0.191185432151275,0.018885658029972243
350,0.02711733118909048,0.7009430372806209,0.1654136627200592,0.07394742115636672,0.032578547653862824
351,0.003702075415942345,0.10913194820882012,0.5346966530746278,0.28082128511459614,0.07164803818601348
352,0.002159277075351977,0.7022372045072126,0.257258370419021,0.031502813131200194,0.00684233486721419
353,0.004553931711501987,0.48264443871359,0.438569027690048,0.05796359937352222,0.01626900251133788
354,0.006517058718006447,0.01298107960022802,0.03835605416766303,0.163568754319965,0.7785770531941375
355,0.004005832095451676,0.38876341011949717,0.4966522862363577,0.0959336343502705,0.014644837198422979
356,0.009710903052449857,0.052222219397332736,0.4530377090298171,0.2938970902800444,0.19113207824035594
357,0.006321934654896806,0.6851468104410882,0.23285044846764366,0.05154098489505497,0.024139821541316383
358,0.004241495851805248,0.6610973606200093,0.25645152892236783,0.06700864526208174,0.011200969343735807
359,0.00134065585484556,0.883057266556962,0.09417487600491316,0.015608850778108576,0.0058183508051707165
360,0.001878275920764891,0.8535383040026778,0.12422121994003027,0.015094382274861137,0.005267817861665942
361,0.004230892139122187,0.7305035971523456,0.22049284251593046,0.03586261881862747,0.008910049373974334
362,0.018691913327497207,0.6160335824960226,0.31187190241024415,0.043501443628365895,0.009901158137870198
363,0.001733598516768173,0.8397074391121604,0.13287873009955772,0.019780843309916613,0.0058993889615973
364,0.004788757307274034,0.16993807273278072,0.5338625531436119,0.2029437148995426,0.08846690191679073
365,0.001779121590105942,0.7420191584745823,0.23426103265625092,0.0166130555392406,0.005327631739820151
366,0.01297278451002844,0.3723846035121587,0.48425246012624606,0.09652885951734655,0.03386129233422015
367,0.0027939870142678885,0.023716401094740425,0.09228429856412015,0.18052729261403067,0.7006780207128408
368,0.0032084078536993793,0.6504906554728842,0.29541166958210635,0.04013633481605486,0.010752932275255282
369,0.0015814854645629388,0.8215863194373157,0.1545359462677755,0.01654560818813031,0.0057506406422153334
370,0.004370922973970674,0.41690191542035454,0.43243743667371193,0.10213783440368217,0.04415189052828055
371,0.007454354575070504,0.36906265518856113,0.47734449920933025,0.11537154716970616,0.030766943857332033
372,0.006360282064915723,0.7591993795589722,0.14018027104701666,0.07564876004654743,0.018611307282547875
373,0.003505186577907153,0.7796939425072211,0.17785032210084534,0.02973415016986564,0.009216398644160533
374,0.003381758782726532,0.6398784402756511,0.22686358496006506,0.08678902501168194,0.04308719096987546
375,0.017197841522213635,0.13345141486720732,0.26951664593414393,0.24266999999686661,0.3371640976795685
376,0.011381998674841286,0.15589594988699015,0.4974558578380904,0.28075959630520086,0.0545065972948773
377,0.004027260568835846,0.4380725059494776,0.5160319391152212,0.032163232288997264,0.009705062077468171
378,0.0039575729013283855,0.2702531619620619,0.5221779683607712,0.14267898485856376,0.06093231191727465
379,0.006994297449905836,0.13986862900410474,0.6609570163356558,0.15562909681550144,0.036550960394832105
380,0.004121372636983434,0.05710349628647649,0.42824315450088474,0.30488754325055484,0.20564443332510043
381,0.00517860057528402,0.20906162646942378,0.718237554957745,0.05317291052701323,0.014349307470534096
382,0.028649192825737975,0.09771125968144492,0.46794306937599406,0.3419151598670631,0.06378131824975997
383,0.0036037964487202817,0.4492057943742348,0.4911059796860172,0.041252813062992215,0.014831616428035528
